11 1
15 1
17 1
19 2
23 1
25 1
27 5
35 3
68 1
74 2
82 1
145 365
523 1
525 1
531 1
533 1
535 1
537 1
539 1
541 1
543 1
545 1
547 1
549 1
551 1
553 1
555 1
557 1
559 1
561 1
563 1
565 1
567 1
569 1
571 1
573 1
575 1
577 1
579 1
581 1
583 1
585 1
587 1
589 1
591 1
593 1
595 1
597 1
599 1
601 1
607 1
609 1
611 1
613 1
615 1
617 1
619 1
621 1
623 1
625 1
627 1
634 97670
98315 1
98317 1
98323 1
98325 1
98327 1
98329 1
98331 1
98333 1
98335 1
98337 1
98339 1
98341 1
98343 1
98345 1
98347 1
98349 1
98351 1
98353 1
98355 1
98357 1
98359 1
98361 1
98363 1
98365 1
98367 1
98369 1
98371 1
98373 1
98375 1
98377 1
98379 1
98381 1
98383 1
98385 1
98387 1
98389 1
98391 1
98393 1
98399 1
98401 1
98403 1
98405 1
98407 1
98409 1
98411 1
98413 1
98415 1
98417 1
98419 1
98426 97670
196108 10
196122 6
196130 1
196132 1
196134 1
196136 1
196138 1
196140 1
196143 1
196145 1
196147 1
196149 1
196151 5
196172 1
196180 2
196187 5
196212 2
196219 1
196222 2
196226 1
196228 1
196230 1
196232 1
196234 1
196236 1
196239 1
196241 1
196243 1
196245 1
196247 1
196249 5
196268 1
196276 2
196283 2
196286 2
196290 1
196292 3
196300 1
196314 2
196322 1
196324 1
196326 1
196328 1
196330 1
196332 1
196335 1
196337 1
196339 1
196341 1
196343 1
196345 3
196349 1
196351 1
196354 1
196356 1
196358 1
196360 1
196362 1
196364 1
196367 1
196369 1
196371 1
196373 1
196375 1
196377 3
196381 1
196383 1
196386 1
196388 1
196390 1
196392 1
196394 1
196396 1
196399 1
196401 1
196403 1
196405 1
196407 1
196409 3
196413 1
196415 1
196428 1
196436 2
196443 1
196447 1
196450 1
196452 1
196454 1
196456 3
196460 1
196474 2
196482 1
196484 1
196486 1
196488 1
196490 1
196492 1
196495 1
196497 1
196499 1
196501 1
196503 1
196505 3
196509 1
196511 1
196514 1
196516 1
196518 1
196520 1
196522 1
196524 1
196527 1
196529 1
196531 1
196533 1
196535 1
196537 3
196541 1
196543 1
196546 1
196548 1
196550 1
196552 1
196554 1
196556 1
196559 1
196561 1
196563 1
196565 1
196567 1
196569 3
196573 1
196575 1
196588 1
196596 2
196603 2
196606 2
196610 3
196620 1
196634 2
196642 1
196644 1
196646 1
196648 1
196650 1
196652 1
196655 1
196657 1
196659 1
196661 1
196663 1
196665 3
196669 1
196671 1
196674 1
196676 1
196678 1
196680 1
196682 1
196684 1
196687 1
196689 1
196691 1
196693 1
196695 1
196697 3
196701 1
196703 1
196706 1
196708 1
196710 1
196712 1
196714 1
196716 1
196719 1
196721 1
196723 1
196725 1
196727 1
196729 3
196733 1
196735 1
196748 1
196756 2
196763 1
196766 2
196770 1
196772 1
196774 3
196780 1
196794 2
196802 1
196804 1
196806 1
196808 1
196810 1
196812 1
196815 1
196817 1
196819 1
196821 1
196823 1
196825 3
196829 1
196831 1
196834 1
196836 1
196838 1
196840 1
196842 1
196844 1
196847 1
196849 1
196851 1
196853 1
196855 1
196857 3
196861 1
196863 1
196866 1
196868 1
196870 1
196872 1
196874 1
196876 1
196879 1
196881 1
196883 1
196885 1
196887 1
196889 3
196893 1
196895 1
196908 1
196916 2
196923 2
196926 15554
212492 1
212500 2
212507 5
212524 1
212532 2
212538 6
212546 3
212556 1
212570 2
212578 1
212580 1
212582 1
212584 1
212586 1
212588 1
212591 1
212593 1
212595 1
212597 1
212599 1
212601 3
212605 1
212607 1
212620 1
212628 2
212635 1
212637 3
212642 1
212644 1
212646 3
212652 1
212666 2
212674 1
212676 1
212678 1
212680 1
212682 1
212684 1
212687 1
212689 1
212691 1
212693 1
212695 1
212697 3
212701 1
212703 1
212716 1
212724 2
212731 1
212733 3
212738 1
212740 1
212742 3
212748 1
212762 2
212770 1
212772 1
212774 1
212776 1
212778 1
212780 1
212783 1
212785 1
212787 1
212789 1
212791 1
212793 3
212797 1
212799 1
212812 1
212820 2
212827 1
212829 3747
216612 4061
220676 1
220678 2
220696 1
220698 3
220702 3
220706 2
220710 3
220714 2
220718 2
220722 34
220764 2
220768 2
220772 2
220776 15
220792 2
220796 3
220800 2
220823 3
220828 3
220832 2
220860 6
220868 3
220872 2
220889 5
220896 3
220900 2
220944 1
220948 2
220952 3
220956 2
221008 6
221016 3
221020 2
221066 1
221068 2
221072 3
221076 2
221119 3
221124 3
221128 2
221147 3
221152 3
221156 2
221172 1
221174 4
221180 3
221184 2
221201 5
221208 3
221212 2
221235 3
221240 3
221244 2
221282 1
221284 2
221288 3
221292 2
221314 1
221316 2
221320 6
221351 1
221378 4
221386 4
221391 1
221408 54
221472 6
221480 7
221488 15
221518 8
221530 5
221539 5
221548 6
221556 7
221564 15
221597 6
221605 7
221613 15
221727 2757
224485 3
224489 8
224544 196
224741 3
224745 8
224754 9
224764 1
224776 3
224784 3
224788 3
224794 3
224801 2
224820 2
224875 1
224913 1
224987 1
225035 1
225150 1
225444 1
225746 1
225808 1
225816 1
225859 1
225994 1
226847 1
226849 1
227850 1
227863 1
227887 1
227895 1
227933 1
227948 1
227991 3
228001 1
228003 3
228007 1
228011 1
228013 3
228017 1
228019 2
228023 1
228025 3
228029 3
228035 1
228037 3
228041 3
228047 1
228049 3
228053 1
228055 2
228059 1
228061 3
228065 3
228069 7
228077 3
228081 3
228085 3
228089 1
228093 1
228095 3
228099 3
228105 1
228107 3
228111 3
228117 1
228119 3
228123 3
228127 4
228136 3
228153 3
228161 2
228165 2
228174 2
228199 5
228915 2
229145 1
229225 1
229361 1
229400 1
229413 1
229653 1
229742 1
229854 1
230006 1
230009 2
230195 1
230211 1
230445 1
230890 1
230911 1
231090 1
231209 1
231246 1
231478 1
231506 1
231531 1
231551 1
231586 1
231654 1
231682 1
231740 1
231799 1
231890 1
231899 1
231961 1
232087 1
232131 1
232345 1
232992 1
233197 1
233262 1
233285 1
233328 1
233363 1
233414 1
233422 1
233438 1
233958 1
234138 1
234227 1
234268 1
234304 1
234373 1
234392 1
234539 1
234621 1
234948 1
235246 1
235422 1
235489 1
235531 1
235559 4
235571 1486
237060 1
237062 2
237080 1
237082 3
237086 3
237090 2
237094 3
237098 2
237102 2
237106 9
237116 24
237148 2
237152 2
237156 2
237160 15
237176 2
237180 3
237184 2
237212 6
237220 3
237224 2
237241 5
237248 3
237252 2
237296 6
237304 3
237308 2
237360 6
237368 3
237372 2
237418 2
237424 4
237432 4
237437 1
237454 54
237518 6
237526 7
237534 15
237567 5
237576 5
237585 5
237594 5
237604 6
237612 7
237620 15
237655 6
237663 7
237671 15
237687 3181
240869 3
240873 8
240928 196
241125 3
241129 8
241138 9
241148 1
241160 3
241168 2
241172 2
241178 3
241185 2
241204 2
241303 1
241311 1
241341 1
241366 1
241383 1
241426 1
241698 1
241780 1
241836 1
241860 1
241865 1
241911 1
243831 1
243841 1
243865 1
243884 1
243935 3
243945 1
243947 3
243951 1
243955 1
243957 3
243961 3
243965 5
243973 1
243975 3
243979 3
243985 1
243987 3
243991 2
243997 1
243999 3
244003 2
244007 4
244016 3
244033 2
244058 5
244515 2
244518 1
244618 1
246086 1
246347 1
247195 1
247778 1
247787 1
247953 1
248319 1
248478 1
248747 1
248757 1
249817 1
249906 1
251250 1
252490 1
254178 1
254223 1
254324 1
254372 1
254502 1
254886 1
254888 1
255081 1
255151 1
255186 1
255531 1
255764 1
256287 1
257110 1
257919 1
258017 1
258200 1
260911 2
260914 1
260939 1
261236 1
261929 1
262428 1
262458 1
262573 1
263191 1
263463 1
264765 1
264963 1
266286 1
267125 1
268110 1
268292 1
270807 1
271338 1
271956 1
272240 1
273216 1
273911 1
274247 1
274725 1
274973 1
275223 1
275558 1
276091 1
276376 1
276402 1
277144 1
277155 1
277307 2
277310 1
282586 1
282912 1
283591 1
284212 1
285496 1
286637 1
288100 1
290450 1
290990 1
291040 1
291653 1
291867 1
292135 1
292401 1
292588 1
292634 1
293413 1
293703 2
293706 1
293769 1
293959 1
295712 1
295816 1
296368 1
297485 1
297492 1
298286 1
298725 1
299685 1
300126 1
300489 1
301420 1
301916 1
303830 1
304716 1
305004 1
305769 1
305801 1
305865 1
306176 1
307715 1
308614 1
309166 1
310099 2
310102 1
310534 1
311603 1
311921 1
312249 1
312784 1
313096 1
314421 1
314546 1
316349 1
318719 1
319204 1
319337 1
319340 1
319564 1
320161 1
320809 1
321707 1
322650 1
322962 1
323021 1
324299 1
325015 1
326495 2
326498 1
327019 1
327024 1
327178 1
327276 1
327430 1
327435 1
327589 1
327687 1
328358 1
329223 1
329524 1
330329 1
330540 1
331607 1
332104 1
332107 1
332137 1
332955 1
332993 1
335526 1
336995 1
337000 1
337127 1
338514 1
338588 1
341738 1
341848 1
342728 1
342731 1
342787 1
342891 2
342894 1
343308 1
344890 1
345767 1
346560 1
347425 1
347823 1
348286 1
348309 1
348311 1
348325 1
350387 1
352399 1
355713 1
356168 1
356274 1
356324 1
356361 1
356990 1
357374 1
357551 1
357887 1
358130 1
358257 1
358568 1
359206 1
359287 2
359290 1
359918 1
362255 1
362421 1
362751 1
363027 1
363104 1
363113 1
363775 1
363800 1
363881 1
364899 1
366886 1
366930 1
367163 1
367955 1
369055 1
369275 1
369641 1
370449 1
373092 1
373563 1
374271 1
374475 1
375403 1
375405 1
375680 1
375683 2
375751 1
376412 1
376499 1
376685 1
376701 1
377656 1
378006 1
378147 1
378789 1
378957 1
379732 1
379932 1
380113 1
380119 1
381331 1
381661 1
382441 1
382541 1
383209 1
383722 1
383959 1
384261 1
384450 1
385042 1
385870 1
386184 1
386333 1
387076 1
387908 1
389236 1
389629 1
389897 4
389909 2796
392708 1
392710 2
392728 1
392730 3
392734 3
392738 2
392742 3
392746 2
392750 2
392754 9
392764 24
392796 2
392800 2
392804 2
392808 15
392824 2
392828 3
392832 2
392860 6
392868 3
392872 2
392889 5
392896 3
392900 2
392944 6
392952 3
392956 2
393008 6
393016 3
393020 2
393066 2
393072 4
393080 4
393085 1
393103 1
393120 36
393166 6
393174 7
393182 15
393215 5
393223 6
393233 5
393242 5
393252 6
393260 7
393268 15
393303 6
393311 7
393319 15
393335 3181
396517 3
396521 8
396576 196
396773 3
396777 8
396786 9
396796 1
396808 3
396816 2
396820 2
396826 3
396831 1
396833 2
396852 2
396959 1
397031 1
397067 1
397074 1
397344 1
397347 1
397386 1
397427 1
397438 1
397503 1
399478 1
399481 1
399488 1
399512 1
399531 1
399582 3
399592 1
399594 3
399598 1
399602 1
399604 3
399608 3
399612 5
399620 1
399622 3
399626 3
399632 1
399634 3
399638 2
399644 1
399646 3
399650 2
399654 4
399663 3
399680 2
399705 5
400162 2
400165 1
400285 1
400288 1
400291 1
400294 1
400358 1
400361 1
400364 1
400367 1
400406 1
400409 1
400412 1
400415 1
400489 1
400499 1
400502 1
400505 1
400547 1
400550 1
400553 1
400643 1
400646 1
400649 1
400671 1
400674 1
400677 1
400729 1
400732 1
400735 1
400851 1
400854 1
400857 1
400883 1
400886 1
400889 1
400943 1
400946 1
400949 1
400972 1
400975 1
400978 1
401061 1
401064 1
401067 1
401124 1
401127 1
401130 1
401153 1
401156 1
401159 1
401215 1
401218 1
401221 1
401453 1
401456 1
401459 1
401847 1
401850 1
401853 1
402185 1
402188 1
402191 1
402296 1
402299 1
402302 1
402758 1
402761 1
402764 1
402977 1
402980 1
402983 1
403266 1
403269 1
403272 1
403346 1
403349 1
403352 1
403355 1
403419 1
403496 1
403573 1
403650 1
403727 1
403804 1
403881 1
403958 1
404035 1
404112 1
404189 1
404340 1
404382 1
404505 1
404928 1
405832 1
406389 1
406771 1
406889 1
407082 1
407124 1
407702 1
407922 1
407935 1
408184 1
408302 1
408786 1
408796 1
409123 1
409506 1
410463 1
410840 1
411237 1
411919 1
412025 1
412701 1
413603 1
413670 1
414522 1
414777 1
414904 1
414916 1
414972 1
414997 1
415666 1
415768 1
416558 2
416561 1
416594 1
416596 1
416664 1
416798 1
417013 1
417524 1
417548 1
417852 1
418659 1
418662 1
418665 1
418693 1
418702 1
418705 1
418708 1
418799 1
418802 1
418805 1
418913 1
418950 1
419080 1
421360 1
421884 1
422777 1
423914 1
424055 1
424272 1
424279 1
424362 1
424607 1
424631 1
424689 1
425353 1
425482 1
425517 1
425520 1
425523 1
425615 1
425618 1
425621 1
425674 1
425677 1
425680 1
425704 1
425762 1
425772 1
425775 1
425778 1
425828 1
425831 1
425834 1
427367 1
427370 1
427646 1
427649 1
428203 1
428206 1
428718 1
428873 1
429062 1
429065 1
429304 1
429307 1
429382 1
429385 1
429428 1
429455 1
429458 1
429461 1
429531 1
429534 1
429577 1
429604 1
429607 1
429610 1
429680 1
429683 1
429726 1
429753 1
429756 1
429759 1
429829 1
429832 1
429875 1
429902 1
429905 1
429908 1
429978 1
429981 1
430049 1
430052 1
430055 1
430111 1
430305 1
430308 1
430311 1
430315 1
430380 1
430383 1
430386 1
430458 1
430461 1
430464 1
430468 1
430562 1
430565 1
430568 1
432244 1
432954 2
433372 1
433911 1
433991 1
436949 1
437298 1
437486 1
438614 1
438726 1
438761 1
438764 1
438767 1
438771 1
438805 1
438808 1
438811 1
438845 1
438848 1
438851 1
438882 1
438885 1
438888 1
438922 1
438925 1
438928 1
438959 1
438962 1
438965 1
438999 1
439002 1
439005 1
439036 1
439039 1
439042 1
439076 1
439079 1
439082 1
439121 1
439124 1
439127 1
439199 1
439202 1
439205 1
439346 1
439349 1
439352 1
439363 1
439366 1
439369 1
439413 1
439498 1
439501 1
439504 1
439518 1
439521 1
439524 1
439586 1
439653 1
439656 1
439659 1
439670 1
439673 1
439676 1
439720 1
439805 1
439808 1
439811 1
439825 1
439828 1
439831 1
439893 1
439960 1
439963 1
439966 1
439977 1
439980 1
439983 1
440027 1
440112 1
440115 1
440118 1
440132 1
440135 1
440138 1
440200 1
440400 1
440408 1
440466 1
440469 1
440583 1
440586 1
440589 1
440592 1
440623 1
440626 1
440629 1
440663 1
440666 1
440669 1
441416 1
441419 1
441422 1
442284 1
442287 1
442660 1
442799 1
442802 1
442805 1
442809 1
443253 1
443364 1
443367 1
443370 1
443374 1
443410 1
443634 1
443731 1
443759 1
443762 1
443765 1
443852 1
443855 1
443858 1
443909 1
443912 1
443915 1
444007 4
444019 1933
445955 6
445980 1
445985 4
445992 1
445998 4050
450051 6
450105 4
450112 1
450118 9549866
9999988 4
9999993 1
9999995 5
