11 1
15 1
17 1
19 2
23 1
25 1
27 5
35 3
68 1
74 2
82 1
145 365
516 4
521 1
525 1
529 1
533 1
537 1
541 1
545 1
549 1
553 1
555 1
557 1
559 1
561 1
563 1
565 1
567 1
569 1
571 1
573 1
575 1
577 1
579 1
581 1
583 1
585 1
587 1
589 1
591 1
593 1
595 1
597 1
599 1
601 1
603 1
605 1
607 1
609 1
611 1
613 1
615 1
617 1
619 1
621 1
623 1
625 1
627 1
631 1
633 1
635 1
637 1
639 1
641 1
643 1
645 1
647 1
649 1
651 1
653 1
655 1
657 1
659 1
661 1
663 1
665 1
667 1
669 1
671 1
673 1
675 1
677 1
679 1
681 1
683 1
685 1
687 1
689 1
691 1
693 1
695 1
697 1
699 1
701 1
703 1
705 1
707 1
711 1
713 1
715 1
717 1
719 1
721 1
723 1
725 1
727 1
729 1
731 1
733 1
735 1
737 1
739 1
741 1
743 1
745 1
747 1
749 1
751 1
753 1
755 1
757 1
759 1
761 1
763 1
765 1
767 1
769 1
771 1
773 1
775 1
777 1
779 1
781 1
783 1
785 1
787 1
789 1
791 1
793 1
795 1
797 1
799 1
801 1
803 1
807 1
809 1
811 1
813 1
815 1
817 1
819 1
821 1
823 1
825 1
827 1
829 1
831 1
833 1
835 1
837 1
841 1
843 1
845 1
847 1
849 1
851 1
853 1
855 1
857 1
859 1
861 1
863 1
865 1
867 1
869 1
871 1
873 1
875 1
879 1
881 1
883 1
885 1
887 1
889 1
891 1
893 1
895 1
897 1
899 1
901 1
903 1
905 1
907 1
909 1
911 1
913 1
915 1
919 1
921 1
923 1
925 1
927 1
929 1
931 1
933 1
935 1
937 1
939 1
941 1
943 1
945 1
947 1
949 1
951 1
953 1
955 1
957 1
959 1
961 1
963 1
965 1
967 1
969 1
971 1
973 1
975 1
977 1
979 1
981 1
983 1
985 1
987 1
989 1
991 1
993 1
995 1
997 1
999 1
1001 1
1003 1
1005 1
1007 1
1009 1
1011 1
1013 1
1015 1
1017 1
1019 1
1021 2
1534 1
1630 4
1724 47940
49668 4
49673 1
49677 1
49681 1
49685 1
49689 1
49693 1
49697 1
49701 1
49705 1
49707 1
49709 1
49711 1
49713 1
49715 1
49717 1
49719 1
49721 1
49723 1
49725 1
49727 1
49729 1
49731 1
49733 1
49735 1
49737 1
49739 1
49741 1
49743 1
49745 1
49747 1
49749 1
49751 1
49753 1
49755 1
49757 1
49759 1
49761 1
49763 1
49765 1
49767 1
49769 1
49771 1
49773 1
49775 1
49777 1
49779 1
49783 1
49785 1
49787 1
49789 1
49791 1
49793 1
49795 1
49797 1
49799 1
49801 1
49803 1
49805 1
49807 1
49809 1
49811 1
49813 1
49815 1
49817 1
49819 1
49821 1
49823 1
49825 1
49827 1
49829 1
49831 1
49833 1
49835 1
49837 1
49839 1
49841 1
49843 1
49845 1
49847 1
49849 1
49851 1
49853 1
49855 1
49857 1
49859 1
49863 1
49865 1
49867 1
49869 1
49871 1
49873 1
49875 1
49877 1
49879 1
49881 1
49883 1
49885 1
49887 1
49889 1
49891 1
49893 1
49895 1
49897 1
49899 1
49901 1
49903 1
49905 1
49907 1
49909 1
49911 1
49913 1
49915 1
49917 1
49919 1
49921 1
49923 1
49925 1
49927 1
49929 1
49931 1
49933 1
49935 1
49937 1
49939 1
49941 1
49943 1
49945 1
49947 1
49949 1
49951 1
49953 1
49955 1
49959 1
49961 1
49963 1
49965 1
49967 1
49969 1
49971 1
49973 1
49975 1
49977 1
49979 1
49981 1
49983 1
49985 1
49987 1
49989 1
49993 1
49995 1
49997 1
49999 1
50001 1
50003 1
50005 1
50007 1
50009 1
50011 1
50013 1
50015 1
50017 1
50019 1
50021 1
50023 1
50025 1
50027 1
50031 1
50033 1
50035 1
50037 1
50039 1
50041 1
50043 1
50045 1
50047 1
50049 1
50051 1
50053 1
50055 1
50057 1
50059 1
50061 1
50063 1
50065 1
50067 1
50071 1
50073 1
50075 1
50077 1
50079 1
50081 1
50083 1
50085 1
50087 1
50089 1
50091 1
50093 1
50095 1
50097 1
50099 1
50101 1
50103 1
50105 1
50107 1
50109 1
50111 1
50113 1
50115 1
50117 1
50119 1
50121 1
50123 1
50125 1
50127 1
50129 1
50131 1
50133 1
50135 1
50137 1
50139 1
50141 1
50143 1
50145 1
50147 1
50149 1
50151 1
50153 1
50155 1
50157 1
50159 1
50161 1
50163 1
50165 1
50167 1
50169 1
50171 1
50173 2
50686 1
50782 4
50876 47940
98828 10
98842 6
98850 1
98852 1
98854 1
98856 1
98858 1
98860 1
98863 1
98865 1
98867 1
98869 1
98871 5
98892 1
98900 2
98907 5
98914 1
98916 3
98924 1
98938 2
98946 1
98948 1
98950 1
98952 1
98954 1
98956 1
98959 1
98961 1
98963 1
98965 1
98967 1
98969 3
98973 1
98975 1
98978 1
98980 1
98982 1
98984 1
98986 1
98988 1
98991 1
98993 1
98995 1
98997 1
98999 1
99001 3
99005 1
99007 1
99010 1
99012 1
99014 1
99016 1
99018 1
99020 1
99023 1
99025 1
99027 1
99029 1
99031 1
99033 3
99037 1
99039 1
99052 1
99060 2
99067 1
99071 1
99074 1
99076 1
99078 1
99080 3
99084 1
99098 2
99106 1
99108 1
99110 1
99112 1
99114 1
99116 1
99119 1
99121 1
99123 1
99125 1
99127 1
99129 3
99133 1
99135 1
99138 1
99140 1
99142 1
99144 1
99146 1
99148 1
99151 1
99153 1
99155 1
99157 1
99159 1
99161 3
99165 1
99167 1
99170 1
99172 1
99174 1
99176 1
99178 1
99180 1
99183 1
99185 1
99187 1
99189 1
99191 1
99193 3
99197 1
99199 1
99212 1
99220 2
99227 2
99230 2
99234 1
99236 3
99244 1
99258 2
99266 1
99268 1
99270 1
99272 1
99274 1
99276 1
99279 1
99281 1
99283 1
99285 1
99287 1
99289 3
99293 1
99295 1
99298 1
99300 1
99302 1
99304 1
99306 1
99308 1
99311 1
99313 1
99315 1
99317 1
99319 1
99321 3
99325 1
99327 1
99330 1
99332 1
99334 1
99336 1
99338 1
99340 1
99343 1
99345 1
99347 1
99349 1
99351 1
99353 3
99357 1
99359 1
99372 1
99380 2
99387 1
99391 1
99394 1
99396 1
99398 1
99400 3
99404 1
99418 2
99426 1
99428 1
99430 1
99432 1
99434 1
99436 1
99439 1
99441 1
99443 1
99445 1
99447 1
99449 3
99453 1
99455 1
99458 1
99460 1
99462 1
99464 1
99466 1
99468 1
99471 1
99473 1
99475 1
99477 1
99479 1
99481 3
99485 1
99487 1
99490 1
99492 1
99494 1
99496 1
99498 1
99500 1
99503 1
99505 1
99507 1
99509 1
99511 1
99513 3
99517 1
99519 1
99532 1
99540 2
99547 2
99550 2
99554 1
99556 3
99564 1
99578 2
99586 1
99588 1
99590 1
99592 1
99594 1
99596 1
99599 1
99601 1
99603 1
99605 1
99607 1
99609 3
99613 1
99615 1
99618 1
99620 1
99622 1
99624 1
99626 1
99628 1
99631 1
99633 1
99635 1
99637 1
99639 1
99641 3
99645 1
99647 1
99650 1
99652 1
99654 1
99656 1
99658 1
99660 1
99663 1
99665 1
99667 1
99669 1
99671 1
99673 3
99677 1
99679 1
99692 1
99700 2
99707 1
99711 1
99714 1
99716 1
99718 1
99720 3
99724 1
99738 2
99746 1
99748 1
99750 1
99752 1
99754 1
99756 1
99759 1
99761 1
99763 1
99765 1
99767 1
99769 3
99773 1
99775 1
99778 1
99780 1
99782 1
99784 1
99786 1
99788 1
99791 1
99793 1
99795 1
99797 1
99799 1
99801 3
99805 1
99807 1
99810 1
99812 1
99814 1
99816 1
99818 1
99820 1
99823 1
99825 1
99827 1
99829 1
99831 1
99833 3
99837 1
99839 1
99852 1
99860 2
99867 2
99870 2
99874 3
99884 1
99898 2
99906 1
99908 1
99910 1
99912 1
99914 1
99916 1
99919 1
99921 1
99923 1
99925 1
99927 1
99929 3
99933 1
99935 1
99938 1
99940 1
99942 1
99944 1
99946 1
99948 1
99951 1
99953 1
99955 1
99957 1
99959 1
99961 3
99965 1
99967 1
99970 1
99972 1
99974 1
99976 1
99978 1
99980 1
99983 1
99985 1
99987 1
99989 1
99991 1
99993 3
99997 1
99999 1
100012 1
100020 2
100027 1
100030 2
100034 1
100036 1
100038 3
100044 1
100058 2
100066 1
100068 1
100070 1
100072 1
100074 1
100076 1
100079 1
100081 1
100083 1
100085 1
100087 1
100089 3
100093 1
100095 1
100098 1
100100 1
100102 1
100104 1
100106 1
100108 1
100111 1
100113 1
100115 1
100117 1
100119 1
100121 3
100125 1
100127 1
100130 1
100132 1
100134 1
100136 1
100138 1
100140 1
100143 1
100145 1
100147 1
100149 1
100151 1
100153 3
100157 1
100159 1
100172 1
100180 2
100187 2
100190 2
100194 3
100204 1
100218 2
100226 1
100228 1
100230 1
100232 1
100234 1
100236 1
100239 1
100241 1
100243 1
100245 1
100247 1
100249 3
100253 1
100255 1
100258 1
100260 1
100262 1
100264 1
100266 1
100268 1
100271 1
100273 1
100275 1
100277 1
100279 1
100281 3
100285 1
100287 1
100290 1
100292 1
100294 1
100296 1
100298 1
100300 1
100303 1
100305 1
100307 1
100309 1
100311 1
100313 3
100317 1
100319 1
100332 1
100340 2
100347 1
100350 2
100354 1
100356 1
100358 3
100364 1
100378 2
100386 1
100388 1
100390 1
100392 1
100394 1
100396 1
100399 1
100401 1
100403 1
100405 1
100407 1
100409 3
100413 1
100415 1
100418 1
100420 1
100422 1
100424 1
100426 1
100428 1
100431 1
100433 1
100435 1
100437 1
100439 1
100441 3
100445 1
100447 1
100450 1
100452 1
100454 1
100456 1
100458 1
100460 1
100463 1
100465 1
100467 1
100469 1
100471 1
100473 3
100477 1
100479 1
100492 1
100500 2
100507 2
100510 2
100514 3
100524 1
100538 2
100546 1
100548 1
100550 1
100552 1
100554 1
100556 1
100559 1
100561 1
100563 1
100565 1
100567 1
100569 3
100573 1
100575 1
100578 1
100580 1
100582 1
100584 1
100586 1
100588 1
100591 1
100593 1
100595 1
100597 1
100599 1
100601 3
100605 1
100607 1
100610 1
100612 1
100614 1
100616 1
100618 1
100620 1
100623 1
100625 1
100627 1
100629 1
100631 1
100633 3
100637 1
100639 1
100652 1
100660 2
100667 1
100670 2
100674 1
100676 1
100678 3
100684 1
100698 2
100706 1
100708 1
100710 1
100712 1
100714 1
100716 1
100719 1
100721 1
100723 1
100725 1
100727 1
100729 3
100733 1
100735 1
100738 1
100740 1
100742 1
100744 1
100746 1
100748 1
100751 1
100753 1
100755 1
100757 1
100759 1
100761 3
100765 1
100767 1
100770 1
100772 1
100774 1
100776 1
100778 1
100780 1
100783 1
100785 1
100787 1
100789 1
100791 1
100793 3
100797 1
100799 1
100812 1
100820 2
100827 2
100830 2
100834 1
100836 1
100838 1
100840 1
100842 1
100844 1
100847 3
100858 2
100866 1
100868 1
100870 1
100872 1
100874 1
100876 1
100879 1
100881 1
100883 1
100885 1
100887 1
100889 3
100893 1
100895 1
100898 1
100900 1
100902 1
100904 1
100906 1
100908 1
100911 1
100913 1
100915 1
100917 1
100919 1
100921 3
100925 1
100927 1
100930 1
100932 1
100934 1
100936 1
100938 1
100940 1
100943 1
100945 1
100947 1
100949 1
100951 1
100953 3
100957 1
100959 1
100972 1
100980 2
100987 1
100991 1
100994 1
100996 1
100998 1
101000 1
101002 1
101004 1
101007 1
101009 1
101011 3
101018 2
101026 1
101028 1
101030 1
101032 1
101034 1
101036 1
101039 1
101041 1
101043 1
101045 1
101047 1
101049 3
101053 1
101055 1
101058 1
101060 1
101062 1
101064 1
101066 1
101068 1
101071 1
101073 1
101075 1
101077 1
101079 1
101081 3
101085 1
101087 1
101090 1
101092 1
101094 1
101096 1
101098 1
101100 1
101103 1
101105 1
101107 1
101109 1
101111 1
101113 3
101117 1
101119 1
101132 1
101140 2
101147 2
101150 2
101154 3
101164 1
101178 2
101186 1
101188 1
101190 1
101192 1
101194 1
101196 1
101199 1
101201 1
101203 1
101205 1
101207 1
101209 3
101213 1
101215 1
101218 1
101220 1
101222 1
101224 1
101226 1
101228 1
101231 1
101233 1
101235 1
101237 1
101239 1
101241 3
101245 1
101247 1
101250 1
101252 1
101254 1
101256 1
101258 1
101260 1
101263 1
101265 1
101267 1
101269 1
101271 1
101273 3
101277 1
101279 1
101292 1
101300 2
101310 2
101314 1
101316 1
101318 3
101324 1
101338 2
101346 1
101348 1
101350 1
101352 1
101354 1
101356 1
101359 1
101361 1
101363 1
101365 1
101367 1
101369 3
101373 1
101375 1
101378 1
101380 1
101382 1
101384 1
101386 1
101388 1
101391 1
101393 1
101395 1
101397 1
101399 1
101401 3
101405 1
101407 1
101410 1
101412 1
101414 1
101416 1
101418 1
101420 1
101423 1
101425 1
101427 1
101429 1
101431 1
101433 3
101437 1
101439 1
101452 1
101460 2
101467 2
101470 2
101474 1
101476 1
101478 1
101480 1
101482 1
101484 1
101486 2
101498 2
101516 1
101524 2
101532 4
101538 1
101540 1
101542 1
101544 1
101546 1
101548 1
101551 1
101553 3
101562 2
101580 1
101588 2
101596 1
101598 13602
115212 1
115220 2
115227 5
115244 1
115252 2
115258 6
115266 3
115276 1
115290 2
115298 1
115300 1
115302 1
115304 1
115306 1
115308 1
115311 1
115313 1
115315 1
115317 1
115319 1
115321 3
115325 1
115327 1
115340 1
115348 2
115355 1
115357 3
115362 1
115364 1
115366 3
115372 1
115386 2
115394 1
115396 1
115398 1
115400 1
115402 1
115404 1
115407 1
115409 1
115411 1
115413 1
115415 1
115417 3
115421 1
115423 1
115436 1
115444 2
115454 2
115458 1
115460 1
115462 3
115468 1
115482 2
115490 1
115492 1
115494 1
115496 1
115498 1
115500 1
115503 1
115505 1
115507 1
115509 1
115511 1
115513 3
115517 1
115519 1
115532 1
115540 2
115549 1699
117284 2013
119300 1
119302 2
119320 1
119322 3
119326 3
119330 2
119334 3
119338 2
119342 2
119346 9
119356 24
119388 2
119392 2
119396 2
119400 15
119416 2
119420 3
119424 2
119452 6
119460 3
119464 2
119481 5
119488 3
119492 2
119536 6
119544 3
119548 2
119600 6
119608 3
119612 2
119658 2
119664 4
119672 4
119677 1
119694 54
119758 6
119766 7
119774 15
119807 5
119815 6
119825 5
119834 5
119844 6
119852 7
119860 15
119895 6
119903 7
119911 15
119927 3181
123109 3
123113 8
123168 196
123365 3
123369 8
123378 9
123388 1
123392 1
123396 1
123398 2
123416 1
123418 3
123422 3
123426 2
123430 3
123434 2
123438 2
123442 9
123452 24
123484 2
123488 2
123492 2
123496 15
123512 2
123516 3
123520 2
123548 6
123556 3
123560 2
123577 5
123584 3
123588 2
123632 6
123640 3
123644 2
123696 6
123704 3
123708 2
123754 2
123760 4
123768 4
123773 1
123791 1
123808 36
123854 6
123862 7
123870 15
123903 5
123912 5
123921 5
123930 5
123940 6
123948 7
123956 15
123991 6
123999 7
124007 15
124023 3181
127205 3
127209 8
127264 196
127461 3
127465 8
127474 9
127484 1
127488 1
127492 1
127494 2
127512 1
127514 3
127518 3
127522 2
127526 3
127530 2
127534 2
127538 9
127548 24
127580 2
127584 2
127588 2
127592 15
127608 2
127612 3
127616 2
127644 6
127652 3
127656 2
127673 5
127680 3
127684 2
127728 6
127736 3
127740 2
127792 6
127800 3
127804 2
127850 2
127856 4
127864 4
127869 1
127886 54
127950 6
127958 7
127966 15
127999 5
128008 5
128017 5
128026 5
128036 6
128044 7
128052 15
128087 6
128095 7
128103 15
128119 3181
131301 3
131305 8
131360 196
131557 3
131561 8
131570 9
131580 1
131584 1
131588 1
131590 2
131608 1
131610 3
131614 3
131618 2
131622 3
131626 2
131630 2
131634 9
131644 24
131676 2
131680 2
131684 2
131688 15
131704 2
131708 3
131712 2
131740 6
131748 3
131752 2
131769 5
131776 3
131780 2
131824 6
131832 3
131836 2
131888 6
131896 3
131900 2
131946 2
131952 4
131960 4
131965 1
131983 1
132000 36
132046 6
132054 7
132062 15
132095 5
132104 5
132113 5
132122 5
132132 6
132140 7
132148 15
132183 6
132191 7
132199 15
132215 3181
135397 3
135401 8
135456 196
135653 3
135657 8
135666 9
135676 1
135680 1
135684 1
135686 2
135704 1
135706 3
135710 3
135714 2
135718 3
135722 2
135726 2
135730 9
135740 24
135772 2
135776 2
135780 2
135784 15
135800 2
135804 3
135808 2
135836 6
135844 3
135848 2
135865 5
135872 3
135876 2
135920 6
135928 3
135932 2
135984 6
135992 3
135996 2
136042 2
136048 4
136056 4
136061 1
136079 1
136096 36
136142 6
136150 7
136158 15
136191 5
136200 5
136209 5
136218 5
136228 6
136236 7
136244 15
136279 6
136287 7
136295 15
136311 3181
139493 3
139497 8
139552 196
139749 3
139753 8
139762 9
139772 1
139776 1
139780 1
139782 2
139800 1
139802 3
139806 3
139810 2
139814 3
139818 2
139822 2
139826 9
139836 24
139868 2
139872 2
139876 2
139880 15
139896 2
139900 3
139904 2
139932 6
139940 3
139944 2
139961 5
139968 3
139972 2
140016 6
140024 3
140028 2
140080 6
140088 3
140092 2
140138 2
140144 4
140152 4
140157 1
140175 1
140192 36
140238 6
140246 7
140254 15
140287 5
140296 5
140305 5
140314 5
140324 6
140332 7
140340 15
140375 6
140383 7
140391 15
140407 3181
143589 3
143593 8
143648 196
143845 3
143849 8
143858 9
143868 1
143872 1
143876 1
143878 2
143896 1
143898 3
143902 3
143906 2
143910 3
143914 2
143918 2
143922 9
143932 24
143964 2
143968 2
143972 2
143976 15
143992 2
143996 3
144000 2
144028 6
144036 3
144040 2
144057 5
144064 3
144068 2
144112 6
144120 3
144124 2
144176 6
144184 3
144188 2
144234 2
144240 4
144248 4
144253 1
144270 54
144334 6
144342 7
144350 15
144382 6
144389 8
144400 6
144410 5
144420 6
144428 7
144436 15
144469 6
144477 7
144485 15
144501 3183
147685 3
147689 8
147744 196
147941 3
147945 8
147954 9
147964 1
147968 1
147972 1
147974 2
147992 1
147994 3
147998 3
148002 2
148006 3
148010 2
148014 2
148018 9
148028 24
148060 2
148064 2
148068 2
148072 15
148088 2
148092 3
148096 2
148124 6
148132 3
148136 2
148153 5
148160 3
148164 2
148208 6
148216 3
148220 2
148272 6
148280 3
148284 2
148330 2
148336 4
148344 4
148349 1
148367 1
148384 36
148430 6
148438 7
148446 15
148479 5
148488 5
148497 5
148506 5
148516 6
148524 7
148532 15
148567 6
148575 7
148583 15
148599 3181
151781 3
151785 8
151840 196
152037 3
152041 8
152050 9
152060 1
152072 3
152080 2
152084 3
152090 3
152097 2
152116 2
152141 1
152212 1
152235 1
152250 1
152274 1
152328 1
152335 1
152376 1
152610 1
152653 1
152674 2
152685 1
152692 1
152695 1
152735 1
152848 1
152899 1
154743 1
154755 2
154759 1
154783 1
154802 1
154842 1
154889 3
154899 1
154901 3
154905 1
154909 1
154911 3
154915 3
154919 5
154927 1
154929 3
154933 3
154939 1
154941 3
154945 2
154951 1
154953 3
154957 3
154961 4
154970 3
154987 2
155012 5
155469 2
155472 1
157623 1
157740 1
157853 1
159194 1
159662 1
160028 1
160057 1
160557 1
161000 1
161510 1
161647 1
162437 1
163779 1
163792 1
165031 1
165137 1
165347 1
165500 1
165879 1
167066 1
167448 1
167916 1
168312 1
168627 1
168843 1
169496 1
170007 1
170424 1
171043 1
171513 1
171606 1
171819 1
171865 2
171868 1
172195 1
172242 1
172626 1
172662 1
174217 1
174285 1
174504 1
174982 1
175762 1
176086 1
176305 1
176558 1
176970 1
177188 1
177192 1
177217 1
177295 1
177436 1
177891 1
177998 1
178044 1
178346 1
179275 1
179286 1
179614 1
179749 1
180204 1
180963 1
181225 1
181778 1
182557 1
182721 1
182866 1
183232 1
183251 1
183340 1
183718 1
183886 1
183929 1
184137 1
184245 1
184544 1
184558 1
184626 1
185231 1
185234 1
185298 1
185478 1
186011 1
186120 1
186200 1
186298 1
186447 1
186483 1
186490 1
186810 1
187115 1
187390 1
187519 1
187616 1
187681 1
187758 1
187893 1
188017 1
188261 2
188264 1
188315 1
188374 1
188455 1
188664 1
188806 1
188985 1
189330 1
189468 1
190221 1
190296 1
190398 1
190404 1
190621 1
191110 1
191199 1
191294 1
191735 1
192021 1
192202 1
192527 1
192575 1
192609 1
192848 1
193100 1
193162 1
193222 1
193266 1
193439 1
193489 1
193690 1
193891 1
193920 1
193930 1
193974 1
194069 1
194240 1
194487 1
194616 1
194619 1
194716 1
194817 1
195063 1
195065 1
195318 1
195349 1
195357 1
195517 1
195856 1
196425 1
196535 1
196604 1
196662 1
196740 1
197675 1
197850 1
197986 1
198130 1
198266 1
198340 1
198368 1
198426 1
198467 1
198671 1
198717 1
198847 1
199306 1
200104 1
200786 1
200894 1
200900 1
201117 1
201214 1
201233 1
201243 1
201470 1
201475 1
201642 1
201913 1
201963 1
202179 1
202388 1
202587 1
202597 1
202777 1
202933 1
203027 1
203590 1
203704 1
204308 1
204320 1
204381 1
204436 1
204657 2
204660 1
204871 1
204936 1
205717 1
205935 1
205946 1
205996 1
206024 1
206484 1
206684 1
206825 1
206925 1
206987 1
207420 1
207739 1
207836 1
207905 1
208284 1
208409 1
208481 1
208864 1
209092 1
209164 1
209333 1
209697 1
209820 1
210189 1
210390 1
210727 1
210842 1
211019 1
211690 1
211852 1
212069 1
212159 1
212625 1
212772 1
212976 1
213089 1
213189 1
213376 1
213635 1
214445 1
214461 1
215051 1
215743 1
216157 1
216229 1
216742 1
216790 1
216866 1
217770 1
217891 1
218089 1
218592 1
218711 1
219186 1
219254 1
219284 1
219380 1
220003 1
220394 1
221012 1
221053 2
221106 1
221621 1
221863 1
222100 1
222214 1
222594 1
223572 1
223892 1
224320 1
224633 1
224745 1
225400 1
225693 1
226529 1
226557 1
226601 1
227570 1
227620 1
228399 1
228539 1
228624 1
228774 1
228786 1
229046 1
229699 1
230554 4
230566 1370
231944 3
231952 2
231956 2
231962 3
231969 2
231988 2
232013 1
232084 1
232107 1
232122 1
232146 1
232200 1
232207 1
232248 1
232482 1
232525 1
232546 2
232557 1
232564 1
232567 1
232607 1
232720 1
232771 1
234615 1
234627 2
234631 1
234655 1
234674 1
234714 1
234761 3
234771 1
234773 3
234777 1
234781 1
234783 3
234787 3
234791 5
234799 1
234801 3
234805 3
234811 1
234813 3
234817 2
234823 1
234825 3
234829 2
234833 4
234842 3
234859 2
234884 5
235341 2
235344 1
237507 1
238188 1
238250 1
238285 1
238824 1
238878 1
239508 1
240425 1
240704 1
240951 1
241083 1
242198 1
242909 1
242947 1
242961 1
243036 1
243388 1
243811 1
244018 1
245348 1
245666 1
246045 1
246222 1
246558 1
247118 1
247645 1
247834 1
248095 1
248205 1
248207 1
248356 1
248767 1
249131 1
249153 1
250212 1
250491 1
250714 1
251737 2
251740 1
252575 1
252677 1
252924 1
253730 1
254214 1
254220 1
254828 1
255092 1
255483 1
255688 1
256173 1
257928 1
258277 1
258784 1
258804 1
259122 1
260769 1
260779 1
261062 1
261079 1
261298 1
261601 1
261976 1
261980 1
262210 2
262420 1
262963 1
263149 1
263396 1
263690 1
263735 1
263737 1
263772 1
263923 1
264316 1
264464 1
264609 1
264645 1
265364 1
266232 1
266331 1
266343 1
267685 1
267854 1
267914 1
267944 1
268133 2
268136 1
268194 1
268255 2
268263 1
268300 1
268360 1
268690 1
268768 1
268791 1
268897 1
269242 1
270187 1
270386 1
270452 1
270501 1
270503 1
270505 1
270568 1
270629 1
270742 1
270859 1
271042 1
271219 1
271243 1
271436 1
271485 1
271534 1
271753 1
271836 1
271970 1
272217 1
272337 1
272447 1
272563 1
272579 1
272752 1
272782 1
272868 1
272954 1
273003 1
273189 1
273205 1
273726 1
273851 1
273949 1
274340 1
274463 1
274471 1
274833 1
274952 1
275226 1
275369 1
275384 1
275445 2
275497 1
275596 1
275759 1
275789 1
276296 1
276404 1
276678 1
276683 1
276711 1
276718 1
276872 1
276881 1
277499 1
277517 1
277662 1
277713 1
277795 1
277850 1
277932 1
278244 1
278570 1
278729 1
279367 1
279440 1
279524 1
279769 1
279787 2
279805 1
279814 1
279826 1
280091 1
280153 1
280281 1
280321 1
280411 1
280518 1
280530 1
280624 1
280669 1
280675 1
280765 1
280936 1
281048 1
281089 1
281103 1
281118 1
281227 1
281337 1
281345 1
281350 1
281485 1
281538 1
281624 1
281828 1
281830 1
281841 1
281979 1
282090 1
282179 1
282219 1
282426 1
282568 1
282593 1
282635 1
282870 1
283045 1
283052 1
283181 1
283253 1
283313 1
283316 1
283426 1
283437 1
283450 1
283462 1
283607 1
283796 1
283878 1
283887 1
283898 1
283978 1
284156 1
284178 1
284519 1
284526 1
284529 2
284532 1
284580 1
285021 1
285084 1
285090 1
285257 1
285419 1
285566 1
285574 1
285757 1
285771 1
286202 1
286233 1
286302 1
286436 1
286625 1
286782 1
286843 1
286847 1
287113 1
287397 1
287430 1
287490 1
287537 1
287682 1
287763 1
287826 1
288287 1
288614 1
288848 1
288949 1
289144 1
289151 1
289239 1
289242 1
289337 1
289868 1
289875 1
289985 1
290193 1
290438 1
290560 1
290641 1
290928 1
291180 1
291219 1
291338 1
291433 1
291632 1
291729 1
291732 1
291817 1
291854 1
291887 1
291939 1
292150 1
292516 1
292528 1
292672 1
292914 1
293161 1
293231 1
293257 1
293361 1
293419 1
293661 1
293666 1
293748 1
293877 1
293993 1
294002 1
294086 1
294129 1
294133 1
294401 1
294682 1
294767 1
294781 1
294791 1
294947 1
294960 2
295014 1
295116 1
295217 1
295358 1
295505 1
295589 1
295696 1
295770 1
296131 1
296135 1
296144 1
296310 1
296575 1
296770 1
296850 1
296947 1
297095 1
297097 1
297162 1
297252 1
297452 1
297474 1
297758 1
297827 1
298249 1
298323 1
298434 1
298467 1
298559 1
298988 1
299333 1
299349 1
299436 1
299524 1
299539 1
299581 1
299599 1
299632 1
299659 1
299722 1
299800 1
299853 1
299903 1
299913 1
299922 1
300077 1
300154 1
300163 1
300184 1
300322 1
300348 1
300378 1
300605 1
300679 1
300683 1
300724 1
300737 1
300820 1
300925 2
301044 1
301052 2
301226 1
301251 1
301273 1
301290 1
301363 1
301419 1
301567 1
301587 1
301678 1
301699 1
301790 1
301913 1
301982 1
302057 1
302108 1
302139 2
302210 1
302342 1
302392 1
302502 1
302534 1
302649 1
302784 1
302818 1
302880 1
303005 1
303131 1
303211 1
303293 1
303399 1
303417 1
303484 1
303637 1
303707 1
303724 1
303771 1
303863 1
303971 1
304027 1
304045 1
304174 1
304228 1
304459 2
304480 1
304582 1
304607 2
304641 1
304732 1
305077 1
305123 1
305151 1
305160 1
305174 1
305396 1
305589 1
305605 1
305758 1
305802 1
305925 1
305961 1
305982 1
306045 1
306052 1
306081 1
306200 1
306264 1
306297 1
306315 1
306341 1
306471 1
306578 1
306616 1
306631 1
306815 1
306877 1
306883 1
306938 1
307159 1
307228 1
307298 1
307382 1
307560 1
307571 2
307715 1
307873 1
307896 1
308086 2
308207 1
308258 1
308394 1
308403 2
308595 1
308606 1
308633 1
308661 1
308696 1
308760 1
308880 1
308897 1
308937 1
309052 1
309117 1
309168 1
309170 1
309243 1
309281 1
309309 1
309328 1
309673 1
309791 1
309843 1
309849 1
309859 1
309958 1
309969 1
309974 1
310027 1
310188 1
310253 1
310278 1
310378 1
310511 1
310702 1
310990 1
311036 2
311516 1
311553 1
311600 2
311781 1
311952 1
311982 1
312167 1
312231 1
312265 1
312276 1
312665 4
312677 1179
313864 3
313872 2
313876 3
313882 3
313889 2
313908 2
313933 1
314004 1
314027 1
314042 1
314066 1
314120 1
314127 1
314168 1
314402 1
314445 1
314466 2
314477 1
314484 1
314487 1
314527 1
314640 1
314691 1
316535 1
316547 2
316551 1
316575 1
316594 1
316634 1
316681 3
316691 1
316693 3
316697 1
316701 1
316703 3
316707 3
316711 5
316719 1
316721 3
316725 3
316731 1
316733 3
316737 2
316743 1
316745 3
316749 3
316753 4
316762 3
316779 2
316804 5
317261 2
317264 1
317292 1
317545 1
317885 1
318072 1
318139 1
318874 1
319240 1
319273 1
319347 1
319425 1
319471 1
320043 1
320406 1
320812 1
321305 1
322074 1
322441 1
322756 1
323196 1
323447 1
323784 1
323979 1
324071 1
324100 1
324256 1
324654 1
325150 1
326248 1
327252 1
327736 1
327764 1
328281 1
328318 1
328933 1
329125 1
329134 1
329154 1
329251 1
330860 1
331936 1
331953 1
333161 1
333657 2
333660 1
334916 1
334970 1
334998 1
336077 1
336175 1
336344 1
336889 1
337037 1
337581 1
337773 1
337903 1
337972 1
338444 1
338483 1
338919 1
340083 1
340128 1
340226 1
340250 1
340344 1
341225 1
342369 1
342603 1
342830 1
342854 1
342915 1
343013 1
343082 1
343162 1
343536 1
343679 1
343826 1
344000 1
344355 1
344855 1
344971 1
345001 1
345037 1
345211 1
345242 1
345501 1
345667 1
345738 1
345915 1
346250 1
346264 1
346405 1
346435 1
346616 1
346921 1
346925 1
346982 1
347009 1
347033 1
347062 1
347157 1
347363 1
347418 1
347501 1
347794 1
347873 1
347882 1
348244 1
348450 1
348637 1
348641 1
348655 1
348669 1
348764 1
348911 1
349193 1
349235 1
349477 1
349509 1
349635 1
349779 1
349833 1
350053 2
350056 1
350069 1
350207 1
350410 1
350469 1
350520 1
350558 1
350728 1
351127 1
351136 1
351234 2
351346 1
351520 1
351524 1
351705 1
351707 1
351718 1
351776 1
352017 1
352077 1
352390 1
352464 1
352706 1
352811 1
352975 1
353034 1
353504 1
353567 1
353631 1
354213 1
354225 1
354285 1
354293 1
354425 1
354499 1
354504 1
354507 1
354521 1
354527 1
354600 1
354617 1
354760 1
354853 1
354870 1
355072 1
355177 2
355241 1
355511 1
355635 1
355654 1
355700 1
356077 1
356081 1
356108 1
356252 1
356255 1
356260 1
356278 1
356337 1
356422 1
356562 1
356721 1
356771 1
356782 1
357038 1
357056 1
357502 1
357624 1
357628 1
357660 1
357729 1
358077 1
358157 1
358266 1
358368 1
358514 1
358542 1
358688 1
358855 1
358889 1
358964 1
359047 1
359074 1
359209 1
359415 1
359647 1
359796 1
360119 1
360208 1
360415 1
360522 1
361283 1
361570 1
361580 1
361612 1
361698 1
362014 1
362155 1
362234 1
362258 1
362284 1
362464 1
362552 1
362640 1
362684 1
362704 1
362792 1
362839 1
362872 1
363009 1
363059 1
363226 1
363281 1
363387 1
363717 1
364030 1
364048 1
364182 1
364193 1
364267 1
364297 1
364372 1
364596 1
364728 1
364759 1
364898 1
365114 1
365245 1
365265 1
365293 1
365345 1
365542 1
365608 1
365796 1
366204 1
366241 1
366250 1
366449 2
366452 1
366988 1
367263 1
367673 1
367979 1
368005 1
368299 1
368302 1
368582 1
368623 1
368772 1
368774 1
369008 1
369169 1
369370 1
369381 1
369412 1
369419 1
369846 1
370121 1
370141 1
370162 1
370172 1
370201 1
370236 1
370427 1
370470 1
370498 1
370507 1
370596 1
370617 1
370681 1
370886 1
371056 1
371197 1
371206 1
371229 1
371267 1
371353 1
371534 1
371593 1
371973 1
372014 1
372267 1
372372 1
372736 1
372738 1
372774 1
372878 1
373267 1
373328 1
373606 1
373856 1
374660 1
374825 1
375083 1
375156 1
375176 1
375403 1
375497 1
375611 1
375894 1
375986 1
375992 1
376519 1
376857 1
376877 1
377282 1
377336 1
377465 1
377654 1
377748 1
377897 1
378305 1
378437 1
378550 1
378676 1
379103 1
379180 1
379222 1
379285 1
379333 1
379558 1
379561 1
379600 1
379627 1
379719 1
379864 1
380021 1
380100 1
380115 1
380307 1
380488 1
380613 1
380913 1
381136 1
381153 1
381434 1
381583 1
381624 1
381762 1
382210 1
382456 1
382529 1
382772 1
382811 1
382845 2
382848 1
382863 2
382867 1
382876 1
382889 1
382913 1
383183 1
383234 1
383388 1
383821 1
383861 1
383992 1
384111 1
384407 1
384671 1
384958 1
385006 1
385064 1
385150 1
385315 1
385520 1
385759 1
385796 1
386145 1
386233 1
386260 1
386297 1
386456 1
386578 1
386628 1
386647 1
386660 1
386677 1
386680 1
386774 1
386811 1
386815 1
386923 1
386939 1
386951 1
386996 1
387151 1
387528 1
388160 1
388315 1
388581 1
388708 1
388802 1
388862 1
388922 1
388959 1
389116 1
389347 1
389714 1
389890 1
389970 1
389981 1
390075 1
390125 1
391062 1
391081 1
391168 1
391252 1
391304 1
391350 1
391399 1
391589 1
391655 1
391682 1
391702 1
391834 1
392104 1
392217 1
392414 1
392485 1
392640 1
392684 1
392787 1
392814 1
392974 1
392985 1
392996 1
393019 1
393023 1
393082 1
393097 1
393260 1
393761 1
393907 1
394046 1
394060 1
394291 1
394634 1
394680 1
394726 1
395002 1
395014 1
395020 1
395123 1
395187 1
395342 1
395358 1
395652 1
395662 1
395690 1
395719 1
395728 1
395746 1
395981 1
396023 1
396031 1
396491 1
396865 1
397026 1
397169 1
397790 1
397863 1
397872 1
397983 1
398080 1
398645 1
399141 1
399241 2
400299 1
400518 1
400731 1
401978 1
403718 1
403988 1
404295 1
404566 1
404741 1
404915 1
405130 1
405212 1
405306 1
405612 1
405870 1
407454 1
407766 1
408074 1
408208 1
408562 1
408747 1
408794 1
409002 1
409855 1
411045 1
411545 4
411557 603
412168 3
412176 2
412180 3
412186 3
412193 2
412212 2
412237 1
412308 1
412331 1
412371 1
412388 1
412424 1
412431 1
412472 1
412706 1
412749 1
412770 2
412781 1
412788 1
412820 1
412905 1
412944 1
412995 1
414839 1
414852 1
414855 1
414876 1
414879 1
414898 1
414924 1
414938 1
414985 3
414995 1
414997 3
415001 1
415005 1
415007 3
415011 3
415015 5
415023 1
415025 3
415029 3
415035 1
415037 3
415041 2
415047 1
415049 3
415053 3
415057 4
415066 3
415083 2
415108 5
415566 2
415569 1
415632 1
415670 1
415673 1
415676 1
415679 1
415682 1
415685 1
415688 1
415699 1
415702 1
415705 1
415708 1
415711 1
415714 1
415717 1
415726 1
415729 1
415732 1
415735 1
415738 1
415741 1
415755 1
415758 1
415761 1
415764 1
415767 1
415770 1
415777 1
415813 1
415841 1
415879 1
416001 1
416058 1
416378 1
416995 1
417246 1
417287 1
417548 1
417606 1
417928 1
418156 1
418573 1
419200 1
419953 1
419964 1
420137 1
420141 1
420633 1
420954 1
421322 1
421326 1
421605 1
422249 1
422541 1
423006 1
423458 1
423531 1
423593 1
423595 1
424074 1
424079 1
424397 1
424571 1
424658 1
424980 1
425094 1
425692 1
426012 1
426044 1
426135 1
426860 1
426976 1
427141 1
427655 1
427680 1
427747 1
427760 1
427766 1
427796 1
427800 1
427810 1
427845 1
427849 1
427858 1
427885 1
428029 1
428032 1
428035 1
428038 1
428041 1
428125 1
428128 1
428131 1
428134 1
428137 1
428220 1
428223 1
428226 1
428229 1
428263 1
428266 1
428269 1
428272 1
428275 1
428317 1
428320 1
428323 1
428326 1
428329 1
428375 1
428378 1
428381 1
428384 1
428387 1
428390 1
428393 1
428409 1
428412 1
428415 1
428418 1
428421 1
428479 1
428482 1
428485 1
428488 1
428491 1
428553 1
428556 1
428559 1
428562 1
428565 1
428601 1
428604 1
428607 1
428610 1
428613 1
428648 1
428651 1
428654 1
428657 1
428660 1
428714 1
428717 1
428720 1
428723 1
428726 1
428762 1
428765 1
428768 1
428771 1
428774 1
428777 1
428780 1
428794 1
428797 1
428800 1
428803 1
428806 1
428809 1
428822 1
428825 1
428828 1
428831 1
428834 1
428837 1
428851 1
428854 1
428857 1
428860 1
428863 1
428866 1
428885 1
428888 1
428891 1
428894 1
428897 1
428900 1
428918 1
428921 1
428924 1
428927 1
428930 1
428961 1
428964 1
428967 1
428970 1
428973 1
428976 1
428979 1
428983 1
428992 1
428995 1
428998 1
429001 1
429004 1
429007 1
429024 1
429027 1
429030 1
429033 1
429036 1
429039 1
429042 1
429059 1
429062 1
429065 1
429068 1
429071 1
429074 1
429190 1
429193 1
429196 1
429199 1
429202 1
429205 1
429221 1
429224 1
429227 1
429230 1
429233 1
429236 1
429249 1
429252 1
429255 1
429258 1
429261 1
429264 1
429386 1
429389 1
429392 1
429395 1
429398 1
429401 1
429405 1
429415 1
429418 1
429421 1
429424 1
429427 1
429430 1
429433 1
429439 1
429442 1
429445 1
429448 1
429451 1
429454 1
429569 1
429572 1
429575 1
429578 1
429581 1
429584 1
429588 1
429598 1
429601 1
429604 1
429607 1
429610 1
429613 1
429622 1
429625 1
429628 1
429631 1
429634 1
429637 1
429748 1
429751 1
429754 1
429757 1
429760 1
429763 1
429777 1
429780 1
429783 1
429786 1
429789 1
429792 1
429797 1
429804 1
429807 1
429810 1
429813 1
429816 1
429819 1
429950 1
429953 1
429956 1
429959 1
429962 1
429965 1
429978 1
429981 1
429984 1
429987 1
429990 1
430025 1
430028 1
430031 1
430034 1
430037 1
430309 1
430312 1
430315 1
430318 1
430321 1
430449 1
430452 1
430455 1
430458 1
430461 1
430472 1
430559 1
430562 1
430565 1
430568 1
430571 1
430731 1
430892 1
430895 1
430898 1
430901 1
430904 1
431125 1
431170 1
431173 1
431176 1
431179 1
431182 1
431380 1
431383 1
431386 1
431389 1
431392 1
431796 1
431821 1
431824 1
431827 1
431830 1
431833 1
431962 2
432098 1
432101 1
432104 1
432107 1
432110 1
432317 1
432320 1
432323 1
432326 1
432329 1
432332 1
432487 1
432499 1
432804 1
432807 1
432810 1
432813 1
432816 1
432819 1
432834 1
432983 1
432986 1
432989 1
432992 1
432995 1
432998 1
433165 1
433168 1
433171 1
433174 1
433177 1
433221 1
433568 1
433571 1
433574 1
433577 1
433580 1
433700 1
433868 1
433871 1
433874 1
433877 1
433880 1
434081 1
434084 1
434087 1
434090 1
434093 1
434111 1
434277 1
434513 1
434516 1
434519 1
434522 1
434525 1
434587 1
434659 1
434785 1
434788 1
434791 1
434794 1
434797 1
434891 1
434894 1
434897 1
434900 1
434903 1
434906 1
435053 1
435056 1
435059 1
435062 1
435065 1
435068 1
435095 1
435098 1
435101 1
435104 1
435107 1
435136 1
435143 1
435146 1
435149 1
435152 1
435155 1
435158 1
435296 1
435299 1
435302 1
435305 1
435308 1
435311 1
435325 1
435328 1
435331 1
435334 1
435337 1
435340 1
435345 1
435352 1
435355 1
435358 1
435361 1
435364 1
435367 1
435482 1
435485 1
435488 1
435491 1
435494 1
435497 1
435511 1
435514 1
435517 1
435520 1
435523 1
435526 1
435535 1
435538 1
435541 1
435544 1
435547 1
435550 1
435553 1
435684 1
435687 1
435690 1
435693 1
435696 1
435699 1
435703 1
435713 1
435716 1
435719 1
435722 1
435725 1
435728 1
435731 1
435737 1
435740 1
435743 1
435746 1
435749 1
435752 1
435801 1
435875 1
435878 1
435881 1
435884 1
435887 1
435890 1
435893 1
435912 1
435915 1
435918 1
435921 1
435924 1
435927 1
435942 1
435945 1
435948 1
435951 1
435954 1
435957 1
435960 1
435974 1
435977 1
435980 1
435983 1
435986 1
435989 1
436008 1
436011 1
436014 1
436017 1
436020 1
436023 1
436026 1
436042 1
436045 1
436048 1
436051 1
436054 1
436057 1
436069 1
436072 1
436075 1
436078 1
436081 1
436084 1
436087 1
436105 1
436108 1
436111 1
436114 1
436117 1
436120 1
436124 1
436132 1
436135 1
436138 1
436141 1
436144 1
436147 1
436153 1
436161 1
436164 1
436167 1
436170 1
436173 1
436176 1
436200 1
436203 1
436206 1
436209 1
436212 1
436215 1
436252 1
436255 1
436258 1
436261 1
436264 1
436267 1
436309 1
436312 1
436315 1
436318 1
436321 1
436324 1
436344 1
436347 1
436350 1
436353 1
436356 1
436359 1
436383 1
436386 1
436389 1
436392 1
436395 1
436398 1
436420 1
436423 1
436426 1
436429 1
436432 1
436435 1
436466 1
436469 1
436472 1
436475 1
436478 1
436481 1
436503 1
436506 1
436509 1
436512 1
436515 1
436518 1
436534 1
436564 1
436567 1
436570 1
436573 1
436576 1
436579 1
436612 1
436615 1
436618 1
436621 1
436624 1
436627 1
436655 1
436658 1
436661 1
436664 1
436667 1
436670 1
436693 1
436696 1
436699 1
436702 1
436705 1
436708 1
436735 1
436738 1
436741 1
436744 1
436747 1
436750 1
436753 1
436775 1
436778 1
436781 1
436784 1
436787 1
436790 1
436796 1
436804 1
436807 1
436810 1
436813 1
436816 1
436819 1
436836 1
436868 1
436890 1
436905 1
437023 1
437026 1
437366 1
437369 1
437382 1
437660 1
437674 1
437841 1
437844 1
437855 1
438078 1
438094 1
438304 1
438307 1
438311 1
438864 1
438867 1
438871 1
438880 1
438970 1
439340 1
439353 1
439685 1
439699 1
440085 1
440090 1
440098 1
440416 1
440475 1
440714 1
441613 1
441984 1
442142 1
442885 1
442984 1
443999 1
444955 1
445266 1
445639 1
445817 1
445931 1
446002 4
446014 962
446984 3
446992 2
446996 3
447002 3
447009 2
447028 2
447053 1
447124 1
447147 1
447187 1
447204 1
447240 1
447247 1
447288 1
447522 1
447565 1
447586 2
447597 1
447604 1
447636 1
447721 1
447760 1
447811 1
449655 1
449668 1
449671 1
449692 1
449695 1
449714 1
449740 1
449754 1
449801 3
449811 1
449813 3
449817 1
449821 1
449823 3
449827 3
449831 5
449839 1
449841 3
449845 3
449851 1
449853 3
449857 2
449863 1
449865 3
449869 3
449873 4
449882 3
449899 2
449924 5
450382 2
450385 1
450486 1
450489 1
450492 1
450495 1
450498 1
450501 1
450504 1
450517 1
450520 1
450523 1
450526 1
450529 1
450532 1
450537 1
450539 1
450543 1
450546 1
450549 1
450552 1
450555 1
450558 1
450574 1
450577 1
450580 1
450583 1
450586 1
450589 1
450596 1
450599 1
450602 1
450605 1
450608 1
450611 1
450617 1
450627 1
450630 1
450633 1
450636 1
450639 1
450642 1
450648 1
450651 1
450654 1
450657 1
450660 1
450663 1
450666 1
450679 1
450682 1
450685 1
450688 1
450691 1
450727 1
450818 1
450891 1
451349 1
451555 1
451817 1
452046 1
452050 1
452133 1
452216 1
452250 1
452305 1
452315 1
452383 1
452391 1
452403 1
452818 1
452836 1
452913 1
453185 1
453511 1
453553 1
453856 1
454341 1
455139 1
455177 1
455251 1
455438 1
455472 1
455508 1
455535 1
455582 1
455957 1
456001 1
456013 1
456259 1
456272 1
456305 1
456745 1
456892 1
456998 1
457673 1
457774 1
457928 1
457952 1
458302 1
458374 1
458471 1
458552 1
458557 1
458919 1
459049 1
459076 1
459384 1
459421 1
459491 1
459614 1
459676 1
459854 1
460055 1
460059 1
460146 1
460318 1
460572 1
460697 1
461011 1
461014 1
461242 1
461299 1
461479 1
461518 1
461552 1
461846 1
462109 1
462455 1
462680 1
463149 1
463436 1
463699 1
463888 1
463895 1
464043 1
464096 1
464154 1
464705 1
464800 1
464841 1
464858 1
464866 1
464899 1
464902 1
464925 1
464964 1
465008 1
465079 1
465111 1
465164 1
465166 1
465169 1
465203 1
465226 1
465233 1
465267 1
465270 1
465282 1
465294 1
465348 1
465351 1
465354 1
465357 1
465360 1
465430 1
465433 1
465436 1
465439 1
465517 1
465520 1
465523 1
465526 1
465545 1
465578 1
465581 1
465584 1
465587 1
465590 1
465631 1
465634 1
465637 1
465640 1
465643 1
465652 1
465693 1
465696 1
465699 1
465702 1
465761 1
465764 1
465767 1
465770 1
465773 1
465828 1
465831 1
465834 1
465837 1
465840 1
465903 1
465906 1
465909 1
465912 1
465915 1
465964 1
465973 1
465976 1
465979 1
465982 1
465985 1
466023 1
466026 1
466029 1
466032 1
466035 1
466086 1
466089 1
466092 1
466095 1
466098 1
466147 1
466150 1
466153 1
466156 1
466159 1
466194 1
466197 1
466200 1
466203 1
466206 1
466209 1
466222 1
466225 1
466228 1
466231 1
466234 1
466237 1
466240 1
466244 1
466252 1
466255 1
466258 1
466261 1
466264 1
466267 1
466280 1
466283 1
466286 1
466289 1
466292 1
466295 1
466298 1
466315 1
466318 1
466321 1
466324 1
466327 1
466330 1
466333 1
466351 1
466354 1
466357 1
466360 1
466363 1
466393 1
466396 1
466399 1
466402 1
466405 1
466408 1
466411 1
466415 1
466424 1
466427 1
466430 1
466433 1
466436 1
466439 1
466458 1
466461 1
466464 1
466467 1
466470 1
466473 1
466492 1
466495 1
466498 1
466501 1
466504 1
466507 1
466624 1
466627 1
466630 1
466633 1
466636 1
466639 1
466653 1
466656 1
466659 1
466662 1
466665 1
466668 1
466682 1
466685 1
466688 1
466691 1
466694 1
466697 1
466778 2
466781 1
466831 1
466834 1
466837 1
466840 1
466843 1
466846 1
466852 1
466862 1
466865 1
466868 1
466871 1
466874 1
466877 1
466886 1
466889 1
466892 1
466895 1
466898 1
466901 1
467016 1
467019 1
467022 1
467025 1
467028 1
467031 1
467047 1
467050 1
467053 1
467056 1
467059 1
467062 1
467065 1
467067 1
467071 1
467074 1
467077 1
467080 1
467083 1
467086 1
467198 1
467201 1
467204 1
467207 1
467210 1
467213 1
467229 1
467232 1
467235 1
467238 1
467241 1
467244 1
467247 1
467249 1
467253 1
467256 1
467259 1
467262 1
467265 1
467268 1
467397 1
467400 1
467403 1
467406 1
467409 1
467412 1
467415 1
467418 1
467422 1
467431 1
467434 1
467437 1
467440 1
467443 1
467446 1
467455 1
467458 1
467461 1
467464 1
467467 1
467470 1
467473 1
467601 1
467604 1
467607 1
467610 1
467613 1
467616 1
467746 1
467749 1
467752 1
467755 1
467758 1
467867 1
467875 1
467878 1
467881 1
467884 1
467887 1
467992 1
468243 1
468246 1
468249 1
468252 1
468255 1
468397 1
468400 1
468403 1
468406 1
468409 1
468515 1
468518 1
468521 1
468524 1
468527 1
468530 1
468610 1
469154 1
469157 1
469160 1
469163 1
469166 1
469169 1
469182 1
469209 1
469354 1
469400 1
469435 1
469438 1
469441 1
469444 1
469447 1
469732 1
469735 1
469738 1
469741 1
469744 1
469924 1
470000 1
470035 1
470292 1
470295 1
470298 1
470301 1
470304 1
470510 1
470513 1
470516 1
470519 1
470522 1
470731 1
470734 1
470737 1
470740 1
470743 1
470771 1
470861 1
471058 1
471150 1
471153 1
471156 1
471159 1
471162 1
471347 1
471354 1
471357 1
471360 1
471363 1
471366 1
471506 1
471592 1
471595 1
471598 1
471601 1
471604 1
471630 1
471666 1
471753 1
472129 1
472132 1
472135 1
472138 1
472141 1
472299 1
472373 1
472376 1
472379 1
472382 1
472385 1
472471 1
472474 1
472477 1
472480 1
472483 1
472649 1
472652 1
472655 1
472658 1
472661 1
472706 1
472709 1
472712 1
472715 1
472718 1
472758 1
472761 1
472764 1
472767 1
472770 1
472773 1
472909 1
472915 1
472918 1
472921 1
472924 1
472927 1
472930 1
472943 1
472946 1
472949 1
472952 1
472955 1
472958 1
472967 1
472970 1
472973 1
472976 1
472979 1
472982 1
472985 1
472997 1
473098 1
473101 1
473104 1
473107 1
473110 1
473113 1
473116 1
473119 1
473123 1
473125 1
473132 1
473135 1
473138 1
473141 1
473144 1
473147 1
473156 1
473159 1
473162 1
473165 1
473168 1
473171 1
473174 1
473307 1
473310 1
473313 1
473316 1
473319 1
473322 1
473335 1
473338 1
473341 1
473344 1
473347 1
473350 1
473353 1
473357 1
473362 1
473365 1
473368 1
473371 1
473374 1
473377 1
473389 1
473501 1
473504 1
473507 1
473510 1
473513 1
473516 1
473519 1
473537 1
473540 1
473543 1
473546 1
473549 1
473552 1
473571 1
473574 1
473577 1
473580 1
473583 1
473586 1
473602 1
473605 1
473608 1
473611 1
473614 1
473617 1
473621 1
473629 1
473632 1
473635 1
473638 1
473641 1
473644 1
473660 1
473663 1
473666 1
473669 1
473672 1
473675 1
473679 1
473687 1
473690 1
473693 1
473696 1
473699 1
473702 1
473718 1
473721 1
473724 1
473727 1
473730 1
473733 1
473748 1
473751 1
473754 1
473757 1
473760 1
473763 1
473790 1
473793 1
473796 1
473799 1
473802 1
473805 1
473809 1
473818 1
473821 1
473824 1
473827 1
473830 1
473833 1
473846 1
473849 1
473852 1
473855 1
473858 1
473861 1
473868 1
473878 1
473881 1
473884 1
473887 1
473890 1
473893 1
473909 1
473912 1
473915 1
473918 1
473921 1
473924 1
473944 1
473947 1
473950 1
473953 1
473956 1
473959 1
473962 1
474004 1
474007 1
474010 1
474013 1
474016 1
474019 1
474022 1
474056 1
474064 1
474067 1
474070 1
474073 1
474076 1
474079 1
474093 1
474103 1
474106 1
474109 1
474112 1
474115 1
474118 1
474142 1
474145 1
474148 1
474151 1
474154 1
474157 1
474176 1
474181 1
474184 1
474187 1
474190 1
474193 1
474196 1
474216 1
474219 1
474222 1
474225 1
474228 1
474231 1
474255 1
474258 1
474261 1
474264 1
474267 1
474270 1
474317 1
474320 1
474323 1
474326 1
474329 1
474332 1
474361 1
474366 1
474369 1
474372 1
474375 1
474378 1
474381 1
474384 1
474405 1
474408 1
474411 1
474414 1
474417 1
474420 1
474434 1
474445 1
474448 1
474451 1
474454 1
474457 1
474460 1
474497 1
474500 1
474503 1
474506 1
474509 1
474512 1
474537 1
474540 1
474543 1
474546 1
474549 1
474552 1
474558 1
474568 1
474571 1
474574 1
474577 1
474580 1
474583 1
474587 1
474589 1
474595 1
474598 1
474601 1
474604 1
474607 1
474610 1
474616 1
474626 1
474680 1
474683 1
474697 1
475182 1
475795 1
475912 1
475920 1
475976 1
476007 1
476012 1
476256 1
476277 1
476290 1
476461 1
476834 1
476958 1
477048 1
477762 1
477882 2
477970 1
478117 1
478150 1
478206 1
478245 1
478494 1
478828 1
478936 1
479016 1
479043 1
479634 1
479677 1
479706 1
479875 1
479954 1
480505 1
480507 1
480594 1
480622 1
481026 1
481539 1
482027 1
482106 1
482568 1
482712 1
483174 2
484098 1
484334 1
484471 1
484876 4
484888 1000
485896 3
485904 2
485908 3
485914 3
485921 2
485940 2
485965 1
486036 1
486059 1
486099 1
486116 1
486152 1
486159 1
486200 1
486434 1
486477 1
486498 2
486509 1
486516 1
486548 1
486633 1
486672 1
486723 1
488567 1
488580 1
488583 1
488604 1
488607 1
488626 1
488652 1
488666 1
488713 3
488723 1
488725 3
488729 1
488733 1
488735 3
488739 3
488743 5
488751 1
488753 3
488757 3
488763 1
488765 3
488769 2
488775 1
488777 3
488781 3
488785 4
488794 3
488811 2
488836 5
489294 2
489297 1
489396 1
489403 1
489410 1
489427 1
489434 1
489441 1
489450 1
489482 1
489492 1
489499 1
489506 1
489548 1
489555 1
489562 1
489569 1
489601 1
489611 1
489618 1
489625 1
489667 1
489674 1
489681 1
489688 1
489734 1
489770 1
490066 1
490073 1
490174 1
490290 1
490410 1
490465 1
490910 1
490913 1
491239 1
491256 1
491908 1
491914 1
492330 1
492548 1
492662 1
492723 1
492807 1
492883 1
493103 1
493145 1
494263 1
494505 1
494965 1
494992 1
495090 1
495176 1
495192 1
495344 1
495836 1
496128 1
496356 1
496488 1
496853 1
497104 1
497154 1
497425 1
497469 1
497508 1
497603 1
497880 1
497905 1
498252 1
498319 1
498382 1
498523 1
498679 1
498698 1
498911 1
499422 1
499826 1
500105 1
500875 1
501304 1
501469 1
501687 1
501973 1
502173 1
502213 1
503129 1
503168 1
503428 1
503444 1
503559 1
503581 1
503587 1
503632 1
503636 1
503875 1
504052 1
504092 1
504194 1
504236 1
504243 1
504304 1
504311 1
504352 1
504359 1
504372 1
504379 1
504438 1
504445 1
504452 1
504493 1
504513 1
504520 1
504629 1
504636 1
504643 1
504696 1
504703 1
504777 1
504784 1
504791 1
504808 1
504815 1
504822 1
504829 1
504880 1
504887 1
504894 1
504920 1
504927 1
504961 1
504968 1
504975 1
504982 1
505032 1
505039 1
505046 1
505053 1
505070 1
505077 1
505084 1
505414 1
505632 1
505690 2
505693 1
505735 1
505832 1
505907 1
505984 1
506042 1
506098 1
506267 1
506398 1
506434 1
506924 1
506978 1
507150 1
507422 1
507586 1
507648 1
507977 1
508030 1
508349 1
508359 1
508755 1
508883 1
509197 1
509502 1
509784 1
510337 1
510723 1
510772 1
510844 1
511296 1
511728 1
511758 1
512104 1
512156 1
512321 1
512419 1
512437 1
512487 1
512647 1
512714 1
513004 1
513040 1
513120 1
513153 1
513331 1
513410 1
513465 1
513635 1
513656 1
513714 1
513883 1
513921 1
514000 1
514094 1
514101 1
514108 1
514222 1
514267 1
514274 1
514281 1
514294 1
514301 1
514308 1
514315 1
514362 1
514369 1
514376 1
514383 1
514411 1
514489 1
514492 1
514495 1
514498 1
514513 1
514516 1
514519 1
514522 1
514525 1
514528 1
514531 1
514538 1
514541 1
514544 1
514547 1
514550 1
514553 1
514573 1
514576 1
514579 1
514582 1
514585 1
514588 1
514603 1
514606 1
514609 1
514612 1
514615 1
514618 1
514638 1
514641 1
514644 1
514647 1
514650 1
514653 1
514656 1
514683 1
514696 1
514699 1
514702 1
514705 1
514708 1
514711 1
514714 1
514756 1
514759 1
514762 1
514765 1
514768 1
514771 1
514786 1
514796 1
514799 1
514802 1
514805 1
514808 1
514811 1
514834 1
514837 1
514840 1
514843 1
514846 1
514849 1
514852 1
514874 1
514877 1
514880 1
514883 1
514886 1
514889 1
514908 1
514911 1
514914 1
514917 1
514920 1
514923 1
514926 1
514949 1
514952 1
514955 1
514958 1
514961 1
514964 1
515011 1
515014 1
515017 1
515020 1
515023 1
515026 1
515060 1
515063 1
515066 1
515069 1
515072 1
515075 1
515078 1
515101 1
515104 1
515107 1
515110 1
515113 1
515116 1
515139 1
515142 1
515145 1
515148 1
515151 1
515154 1
515157 1
515193 1
515196 1
515199 1
515202 1
515205 1
515208 1
515232 1
515235 1
515238 1
515241 1
515244 1
515247 1
515250 1
515265 1
515268 1
515271 1
515274 1
515277 1
515280 1
515284 1
515292 1
515295 1
515298 1
515301 1
515304 1
515307 1
515313 1
515322 1
515325 1
515388 1
515391 1
515406 1
515734 1
515737 1
515742 1
515751 1
516062 1
516065 1
516080 1
516225 1
516416 1
516419 1
516432 1
516683 1
516686 1
516879 1
516936 1
517168 1
517184 1
517370 1
517685 1
517688 1
517692 1
517702 1
517796 1
518250 1
518264 1
518429 1
518785 1
518801 1
518863 1
519278 1
519295 1
519726 1
519741 1
519744 1
520139 1
520142 1
520146 1
520154 1
520479 1
520519 1
520522 1
520534 1
520537 1
520956 1
520970 1
521360 1
521374 1
521757 1
521760 1
521774 1
521777 1
522086 2
522198 1
522204 1
522214 1
522276 1
522582 1
522598 1
522995 1
523016 1
523213 1
523403 1
523464 1
523467 1
523486 1
523529 1
523911 1
524134 1
524161 1
524164 1
524183 1
524819 1
524838 1
524841 1
525290 1
525305 1
525308 1
525344 1
525385 1
525391 1
525400 1
525423 1
525456 1
525459 1
525466 1
525542 1
525545 1
525628 1
525644 1
525649 1
525657 1
525705 1
525737 1
525740 1
525755 1
525763 1
525772 1
525796 1
525799 1
525803 1
525811 1
525814 1
525817 1
525820 1
525823 1
525826 1
525832 1
525841 1
525844 1
525847 1
525850 1
525853 1
525856 1
525868 1
525872 4
525884 964
526856 3
526864 2
526868 2
526874 3
526881 2
526900 2
526951 1
526985 1
527062 1
527165 1
527210 1
527219 3
527229 1
527231 3
527235 1
527239 1
527241 3
527245 3
527249 5
527257 1
527259 3
527263 3
527269 1
527271 3
527275 2
527281 1
527283 3
527287 2
527291 4
527300 3
527317 2
527342 5
527801 2
527804 1
527838 1
528045 1
528117 1
528185 1
529793 1
529838 1
530237 1
530399 1
530688 1
530734 1
531058 1
531495 1
532276 1
532475 1
534039 1
535227 1
537505 1
537636 1
537932 1
537953 1
538626 1
538745 1
538764 1
539346 1
540054 1
542736 1
543298 1
543330 1
543639 1
543760 1
544116 1
544197 2
544200 1
544529 1
544544 1
544762 1
544815 1
545009 1
545528 1
545645 1
545799 1
546448 1
546936 1
548611 1
548659 1
548922 1
548975 1
549230 1
549551 1
550079 1
550450 1
550648 1
550691 1
550947 1
551074 1
553773 1
554788 1
554873 1
555765 1
555922 1
557210 1
557425 1
558125 1
558154 1
558311 1
558723 1
559164 1
559814 1
560297 1
560593 2
560596 1
562138 1
563779 1
564021 1
565738 1
565746 1
566513 1
566948 1
567060 1
567921 1
568864 1
569102 1
569274 1
569454 1
569786 1
569835 1
570052 1
570323 1
570417 1
570553 1
571230 1
573073 1
573233 1
573371 1
574404 1
574584 1
574681 1
574887 1
575409 1
575852 1
575879 1
576353 1
576989 2
576992 1
577059 1
577647 1
578538 1
579049 1
579234 1
579588 1
579770 1
581516 1
581832 1
582187 1
582874 1
582959 1
583059 1
583302 1
583956 1
584347 1
584531 1
584693 1
585525 1
585579 1
585848 1
586664 1
587674 1
587796 1
587978 1
589429 1
589442 1
590000 1
590318 1
591250 1
591415 1
591814 1
592745 1
592885 1
592908 1
593295 1
593385 2
593388 1
593425 1
593556 1
594175 1
595131 1
595577 1
596097 1
596499 1
596598 1
597098 1
597438 1
599555 1
601361 1
602051 1
603300 1
603419 1
603547 1
603864 1
604083 1
605613 1
606518 1
606585 1
606640 1
607329 1
607532 1
608187 1
608278 1
608833 1
609613 1
609781 2
609784 1
609878 1
610820 1
610916 1
611698 1
611843 1
613035 1
613161 1
613191 1
613505 1
613507 1
613925 1
614360 1
614978 1
615230 1
615632 1
615646 1
615867 1
615883 1
616373 1
616394 1
616854 1
617467 1
618220 1
618634 1
618695 1
618996 1
619175 1
619222 1
619551 1
619920 1
620403 1
620801 1
620903 1
621047 1
621999 1
623024 1
623202 1
623345 1
623699 1
623783 1
624312 1
624383 1
624401 1
624948 1
624960 1
625093 1
625270 1
625925 1
626123 1
626138 1
626177 2
626180 1
626361 1
627168 1
627414 1
627719 1
627777 1
627795 1
628002 1
628266 1
628270 1
628310 1
628848 1
630257 1
630349 1
630442 1
630682 1
630699 1
630839 1
630969 1
631022 1
631271 1
631346 1
631673 1
632398 1
632510 1
633079 1
633986 1
634433 1
634488 1
634818 1
635803 1
635973 1
636732 1
637737 1
637829 1
637881 1
637901 1
638068 1
638270 1
638672 1
638760 1
639162 1
639176 1
639305 1
639937 1
640378 1
640700 1
641056 1
641293 1
641715 1
641794 1
642066 1
642171 1
642193 1
642271 1
642573 2
642576 1
642953 1
643021 1
643225 1
643310 1
643858 1
644502 1
644641 1
645622 1
646054 1
646533 1
647262 1
647898 1
648085 1
648216 1
648444 1
648467 1
649399 1
649702 1
650316 1
651170 1
651997 1
652274 1
652654 1
652664 1
653049 1
653091 1
653386 1
654103 1
654385 1
654559 1
654688 1
655044 1
655080 1
655921 1
656107 1
656191 1
656905 1
657391 1
657931 1
658885 1
658969 2
658972 1
659309 1
659714 1
659933 1
660885 1
660959 1
661210 1
661257 1
661353 1
662042 1
662086 1
662675 1
662825 1
663182 1
663199 1
663252 1
663369 1
663529 1
663546 1
663700 1
664533 1
664620 1
664885 1
664901 1
665103 1
665696 1
665935 1
666220 1
666514 1
666773 1
666777 1
667139 1
667540 1
667714 1
668321 1
668347 1
668391 1
668881 1
668921 1
669140 1
669290 1
669587 1
669798 1
670172 1
670270 1
671314 1
671417 1
671679 1
671697 1
671810 1
672598 1
673325 1
673364 1
673663 1
673682 1
674143 1
674286 1
674298 1
674838 1
675329 1
675365 2
675368 1
675889 1
676517 1
676665 1
676903 1
677506 1
677672 1
677693 1
678739 1
678742 1
678864 1
678901 1
678988 1
679080 1
679170 1
679225 1
679341 1
679414 1
679486 1
679796 1
679835 1
679886 1
680116 1
680125 1
680185 1
680649 1
682407 1
682585 1
682683 1
682707 1
683209 1
683466 1
683497 1
683683 1
683888 1
684141 1
684516 1
685424 1
685491 1
686111 1
687259 1
687724 1
688028 1
688598 1
689175 1
690016 1
690183 1
691154 1
691394 1
691761 2
691764 1
692107 1
692240 1
692271 1
692635 1
694547 1
694672 1
695051 1
695260 1
695623 1
695899 1
696049 1
696068 1
696585 1
696934 1
697198 1
697588 1
697744 1
697849 1
697992 1
698049 1
698304 1
698813 1
699399 1
699533 1
699557 1
699980 1
700080 1
700242 1
701041 1
701084 1
701172 1
701376 1
701386 1
702028 1
702216 1
702283 1
702973 1
703306 1
703653 1
704176 1
704431 1
704949 1
705392 1
705395 1
705431 1
705537 1
706075 1
706440 1
706932 1
707262 1
707773 1
708157 2
708160 1
708382 1
708456 1
709055 1
709101 1
709686 1
710117 1
710837 1
711043 1
711087 1
711255 1
711992 1
712468 1
712533 1
712928 1
713050 1
713110 1
713189 1
713869 1
714458 1
714646 1
714740 1
714830 1
715061 1
715654 1
716246 1
716539 1
716701 1
717010 1
717251 1
717336 1
718391 1
718822 1
719115 1
719711 1
719772 1
721520 1
721708 1
721780 1
721819 1
722230 1
722932 1
722962 1
723621 1
723654 1
723873 1
723987 1
724553 2
724556 1
725379 1
725388 1
725700 1
727199 1
727343 1
727440 1
728344 1
728348 1
728753 1
729016 1
729260 1
730003 1
730220 1
730581 1
730642 1
731539 1
732981 1
733013 1
733057 1
733108 1
733295 1
733449 1
734044 1
734131 1
734337 1
734544 1
734610 1
734949 1
735283 1
735522 1
735670 1
735865 1
736039 1
736078 1
736471 1
737182 1
737629 1
737846 1
738020 1
738669 1
739205 1
739334 1
739360 1
739556 1
740483 1
740949 2
740952 1
741288 1
741532 1
741572 1
742120 1
742850 1
742926 1
743115 1
743461 1
744398 1
745342 1
745771 1
746490 1
746797 1
746927 1
747098 1
748012 1
748356 1
748558 1
749848 1
750162 1
750219 1
750681 1
750790 1
751429 1
752524 1
752708 1
754295 1
755553 1
755811 1
755927 1
756842 1
756933 1
757345 2
757348 1
757738 1
757868 1
758516 1
758596 1
759069 1
759124 1
759946 1
760844 1
761422 1
762308 1
762647 1
764698 1
765375 1
765508 1
765828 1
766233 1
766587 1
766828 1
767393 1
767546 1
768177 1
768225 1
768260 1
768336 1
768555 1
769333 1
769859 1
769869 1
769902 1
770082 1
770533 1
770683 1
771187 1
771249 1
771633 1
771696 1
771740 1
771750 1
772114 1
772428 1
772476 1
772690 1
772783 1
772935 1
772949 1
773032 1
773158 1
773164 1
773366 1
773592 1
773613 1
773725 1
773741 2
773744 1
773790 1
773819 1
773850 1
774259 1
774611 1
774747 1
774827 1
775088 1
775225 1
775960 1
775998 1
776039 1
776470 1
776539 2
777050 1
777058 1
777146 1
777214 1
777364 1
777434 1
777521 1
777602 1
777665 1
777934 1
777979 1
777988 1
778050 1
778095 1
778287 1
778495 1
778518 1
778696 1
778741 1
778943 1
779059 1
779264 1
779334 1
779419 1
779463 1
779465 1
779659 1
779768 1
779888 1
780072 1
780220 1
780230 1
780547 1
780761 1
780783 1
780795 1
781330 1
781347 1
781541 1
781774 1
782134 1
782411 1
782419 1
782986 1
783009 1
783439 1
783722 1
784163 1
784478 1
784578 1
784726 1
785181 1
785370 1
785394 1
785474 1
785655 1
785753 1
785763 1
786046 1
786406 1
786645 1
787223 1
787388 1
787411 1
787592 1
787798 1
787896 1
787929 1
788310 1
788473 1
788544 1
788857 1
788909 1
789057 1
789062 1
789469 1
789503 1
789511 1
789556 1
789605 1
789722 1
789914 1
790137 2
790140 1
790248 1
790637 1
790770 1
790805 1
790892 1
790942 1
790965 1
790967 1
790989 1
791006 1
791026 1
791047 1
791049 1
791182 1
791184 1
791188 1
791291 1
791889 1
791924 1
791953 1
791971 1
792010 1
792023 1
792035 1
792038 1
792057 1
792093 1
792150 1
792232 1
792295 1
792316 1
792386 1
792708 1
792794 1
792967 1
793064 1
793157 1
793645 1
793725 1
793826 1
794078 1
794098 1
794140 1
794211 1
794391 1
794819 1
794844 1
794957 1
795097 1
795246 1
795301 1
795328 1
795376 1
795444 1
795506 1
795513 1
795558 1
795563 1
795692 1
795742 1
795867 1
796112 1
796120 1
796125 1
796248 1
796366 1
796395 1
796397 1
796399 1
796404 1
796456 1
796465 1
796483 1
796563 1
796586 1
796641 1
796675 1
796705 1
796814 1
796832 1
797752 1
797767 1
797791 1
797796 1
797819 1
797829 1
797953 1
798039 1
798500 1
798626 1
798642 1
798659 1
799203 1
799364 1
799409 1
800014 1
801247 1
801340 1
802100 1
802770 1
803299 1
803432 1
803985 1
804373 1
804559 1
804573 1
804632 1
805363 1
805421 1
805453 1
805958 1
806302 1
806533 2
806536 1
806650 1
806694 1
807091 1
807170 1
807300 1
807504 1
807546 1
808341 1
809352 1
809396 1
809433 1
809876 1
810083 1
810108 1
810257 1
810930 1
810985 1
811282 1
811361 1
811455 1
811623 1
812152 1
812487 1
813182 1
813277 1
813488 1
813944 1
814142 1
814248 1
814911 1
815104 1
815260 1
815446 1
815521 1
815869 1
816000 1
816129 1
816467 1
818126 1
818226 1
818318 1
819531 1
819654 1
819829 1
819884 1
820037 1
820836 1
821706 1
822624 1
822680 1
822732 1
822929 2
822932 1
823212 1
824543 1
825714 1
826091 1
826181 1
826595 1
827030 1
827189 1
827519 1
828388 1
828425 1
828915 1
829078 1
829221 1
830525 1
830822 1
831612 1
832008 1
832261 1
832401 1
832465 1
833303 1
834979 1
835148 1
837536 1
837587 1
837638 1
837943 1
838829 1
838886 1
838928 1
838932 1
839325 2
839328 1
840148 1
840263 1
840888 1
841138 1
841373 1
841422 1
842005 1
842564 1
843032 1
843151 1
843946 1
844246 1
844422 1
844809 1
846037 1
846350 1
846378 1
847098 1
847468 1
847985 1
848720 1
849745 1
849778 1
850125 1
850129 1
850164 1
850407 1
851307 1
851471 1
851538 1
851566 1
851925 1
852385 1
852438 1
852588 1
852790 1
853094 1
853275 1
853619 1
853773 1
855721 2
855724 1
855810 1
856119 1
856810 1
857056 1
857954 1
858088 1
858410 1
858695 1
858809 1
859125 1
860102 1
860426 1
860576 1
861592 1
861668 1
863164 1
863188 1
863322 1
863666 1
863793 1
864282 1
864538 1
864848 1
865524 1
867363 1
867460 1
867778 1
867917 1
869438 1
869458 1
869512 1
869591 1
869634 1
869804 1
870418 1
870540 1
870637 1
870824 1
871066 1
871294 1
871360 1
871805 1
871977 1
872117 2
872120 1
872419 1
872468 1
872638 1
872926 1
873136 1
873413 1
873671 1
873980 1
874214 1
874348 1
874496 1
874692 1
875007 1
875750 1
875871 1
876044 1
876584 1
876776 1
877588 1
877825 1
878576 1
878625 1
878637 1
878996 1
880940 1
881514 1
881892 1
881946 1
882538 1
882593 1
882604 1
882737 1
883275 1
884321 1
884553 1
884883 1
885036 1
885191 1
885408 1
885951 1
886261 1
886605 1
886717 1
886725 1
887485 1
887741 1
887878 1
888078 1
888513 2
888516 1
888647 1
888671 1
889688 1
889933 1
890079 1
890274 1
890881 1
891363 1
891711 1
892583 1
893065 1
893696 1
893786 1
893946 1
894186 1
894654 1
896453 1
896586 1
896968 1
897020 1
898430 1
898695 1
899484 1
899517 1
900590 1
901153 1
902571 1
903049 1
903092 1
903557 1
903857 1
904833 1
904909 2
904912 1
904932 1
905024 1
905334 1
905720 1
905753 1
905886 1
905900 1
906241 1
906653 1
906784 1
907323 1
907839 1
908602 1
909234 1
910146 1
910570 1
911052 1
912049 1
912269 1
912747 1
913613 1
913982 1
914169 1
914223 1
914705 1
915773 1
916057 1
916261 1
916456 1
918021 1
918466 1
920578 1
920673 1
921294 1
921305 2
921308 1
921451 1
921579 1
922997 1
924285 1
924573 1
926487 1
927202 1
927376 1
928009 1
928557 1
928771 1
928869 1
929120 1
929128 1
929143 1
929570 1
929706 1
930017 1
930127 1
931326 1
931352 1
931528 1
931571 1
931708 1
931759 1
932356 1
932647 1
933254 1
933745 1
934388 1
934622 1
934712 1
935258 1
935450 1
935846 1
936585 1
937129 1
937701 2
937704 1
937940 1
938564 1
939602 1
940273 1
940561 1
941488 1
941599 1
941604 1
941638 1
942053 1
942065 1
942863 1
943048 1
943249 1
943887 1
944132 1
944697 1
946869 1
946999 1
947236 1
947346 1
948286 1
949912 1
950081 1
950772 1
951727 1
951852 1
952250 1
952414 1
952569 1
952697 1
953933 1
954032 1
954062 1
954097 2
954100 1
954444 1
955275 1
955484 1
956485 1
957280 1
958223 1
958249 1
958656 1
958815 1
958890 1
959254 1
959753 1
959792 1
959800 1
959858 1
959968 1
960056 1
960112 1
960377 1
960448 1
960562 1
960675 1
961982 1
962088 1
962459 1
962503 1
962532 1
962563 1
962586 1
962858 1
962999 1
963146 1
963340 1
964058 1
964181 1
964197 1
965044 1
965117 1
965427 1
965460 1
966369 1
966645 1
966692 1
967050 1
967978 1
968499 1
968661 1
969629 1
969718 1
970493 2
970496 1
971160 1
971548 1
971883 1
972490 1
973384 1
973735 1
973886 1
974271 1
974426 1
974544 1
975459 1
975579 1
977632 1
977905 1
978098 1
978609 1
979172 1
979806 1
980200 1
980608 1
980770 1
981454 1
982209 1
982854 1
983071 1
984112 1
985006 1
986294 1
986486 1
986606 1
986889 2
986892 1
987533 1
987949 1
988058 1
988156 1
988418 1
988430 1
988849 1
989106 1
989122 1
989686 1
990268 1
990546 1
990941 1
991129 1
991359 1
991783 1
994116 1
995200 1
995362 1
996796 1
996820 1
996904 1
996954 1
997148 1
997447 1
997815 1
998362 1
998475 1
999022 1
999716 1
999868 1
999995 1
1000144 1
1000152 1
1000889 1
1001348 1
1002087 1
1002548 1
1002666 1
1003150 1
1003283 1
1003285 2
1003288 1
1003582 1
1003630 1
1003756 1
1003984 1
1004039 1
1004336 1
1004786 1
1005150 1
1005517 1
1005579 1
1006741 1
1007422 1
1007715 1
1008315 1
1008465 1
1008611 1
1009151 1
1009251 1
1009536 1
1009613 1
1009723 1
1011033 1
1011259 1
1011295 1
1011721 1
1012034 1
1012209 1
1012382 1
1012420 1
1012682 1
1012798 1
1012848 1
1013308 1
1013344 1
1014614 1
1014628 1
1015462 1
1015778 1
1016167 1
1016311 1
1016915 1
1017177 1
1017324 1
1017327 1
1017668 1
1017830 1
1018508 1
1018881 1
1019415 1
1019591 1
1019681 2
1019684 1
1020077 1
1020441 1
1021227 1
1021892 1
1021981 1
1022876 1
1023350 1
1024646 1
1024717 1
1026050 1
1026123 1
1026537 1
1026836 1
1027077 1
1028270 1
1028858 1
1029328 1
1030207 1
1030481 1
1031737 1
1031920 1
1033575 1
1033641 1
1033799 1
1034234 1
1034367 1
1034718 1
1034795 1
1036077 2
1036080 1
1036511 1
1036745 1
1037125 1
1037340 1
1037418 1
1037673 1
1038281 1
1039013 1
1039163 1
1039803 1
1039991 1
1040376 1
1041268 1
1041722 1
1041933 1
1042262 1
1042270 1
1042687 1
1043009 1
1045542 1
1047508 1
1047549 1
1048496 1
1048499 1
1048501 1
1048514 1
1048522 1
1048535 1
1048689 2
1048695 1
1048744 1
1048797 1
1048826 1
1048864 1
1048910 1
1048929 1
1048934 1
1049252 1
1049588 1
1049655 1
1049722 1
1049905 1
1049928 1
1049936 1
1049969 1
1050026 1
1050087 1
1050679 1
1050714 1
1050731 1
1050774 1
1051493 1
1051513 1
1051815 1
1051923 1
1052333 1
1052473 2
1052476 1
1052644 1
1052982 1
1053120 1
1053134 1
1053146 1
1053238 1
1053246 1
1053336 1
1053409 1
1053468 1
1053590 1
1053979 1
1053981 1
1054122 1
1054195 1
1054220 1
1054317 1
1054884 1
1054984 1
1055130 1
1055764 1
1055924 1
1056153 1
1056171 1
1056931 1
1056995 1
1056997 1
1057021 1
1057265 1
1057361 1
1057423 1
1057472 1
1057489 1
1057916 1
1058071 1
1058107 1
1058124 1
1058152 1
1058167 1
1058180 1
1058223 1
1058346 1
1058360 1
1058439 1
1058473 1
1058868 1
1059085 1
1059092 1
1059142 1
1059346 1
1059358 1
1059401 1
1059453 2
1059500 1
1059568 1
1059945 1
1059973 1
1059975 1
1059985 1
1060207 1
1060273 1
1060374 1
1060379 1
1060944 1
1061170 1
1061445 1
1061752 1
1061846 1
1061872 1
1062158 1
1062241 1
1062541 1
1062769 1
1062858 1
1062871 1
1062980 1
1063045 1
1063098 1
1063111 1
1063117 1
1063146 1
1063195 1
1063337 1
1063771 1
1064021 1
1064065 1
1064157 1
1064264 1
1064410 1
1064417 1
1064462 1
1064625 1
1064764 1
1064936 1
1065299 1
1065306 1
1065340 1
1065417 1
1065585 1
1065606 1
1065678 1
1065688 1
1065732 1
1065749 1
1065783 1
1065871 1
1065873 1
1066046 1
1066048 1
1066090 1
1066575 1
1066658 1
1066685 1
1066695 1
1066709 1
1066718 1
1066738 1
1066745 1
1066747 1
1066759 1
1066866 1
1066872 1
1066977 1
1067092 1
1067098 1
1067399 1
1067462 1
1067496 1
1067804 1
1067951 1
1068264 1
1068398 1
1068716 1
1068764 1
1068869 2
1068872 1
1069195 1
1069525 1
1070095 1
1070176 1
1070297 1
1070372 1
1070511 1
1070559 1
1071068 1
1071389 1
1071459 1
1071535 1
1071654 1
1071892 1
1072189 1
1072491 1
1072601 1
1072610 1
1073083 1
1073123 1
1073180 1
1073186 1
1073377 1
1073912 1
1074112 1
1074942 1
1075016 1
1075304 1
1075717 1
1076615 1
1076740 1
1077041 1
1077453 1
1077797 1
1078041 1
1078415 1
1078435 1
1078500 1
1078534 1
1078739 1
1078790 1
1078819 1
1078891 1
1078897 1
1079104 1
1079271 1
1079305 1
1079547 1
1079624 1
1080015 1
1080178 1
1080423 1
1080499 1
1080506 1
1080510 1
1080680 1
1081210 1
1081364 1
1081419 1
1081560 1
1081643 1
1081682 1
1081850 1
1082045 1
1082067 1
1082098 1
1082227 1
1082994 1
1083196 1
1083591 1
1083755 1
1083977 1
1084055 1
1084057 1
1084059 1
1084147 1
1084215 1
1084237 1
1084391 1
1084397 1
1084443 1
1084566 1
1084702 1
1084897 1
1084914 1
1085032 1
1085056 1
1085162 1
1085265 2
1085268 1
1085333 1
1085598 1
1086009 1
1086826 1
1087473 1
1087616 1
1088006 1
1088091 1
1088201 1
1088243 1
1088255 1
1088723 1
1089028 1
1089215 1
1089480 1
1089496 1
1089844 1
1089865 1
1090664 1
1090671 1
1090841 1
1090967 1
1090987 1
1091009 1
1091105 1
1091128 1
1091325 1
1091630 1
1091764 1
1092539 1
1092584 1
1092758 1
1092850 1
1092897 1
1092944 1
1093470 1
1093525 1
1093798 1
1093881 1
1093916 1
1094176 1
1094218 1
1094730 1
1095296 1
1095427 1
1095702 1
1095942 1
1095958 1
1096183 1
1096481 1
1096744 1
1096765 1
1096812 1
1097247 1
1097396 1
1097522 1
1097683 1
1097693 1
1097890 1
1097916 1
1097969 1
1098242 1
1098283 1
1098301 1
1098339 1
1098353 1
1098421 1
1098777 1
1099311 1
1099439 1
1099496 1
1099642 1
1099691 1
1099870 1
1100361 1
1100673 1
1100829 1
1101011 1
1101264 1
1101269 1
1101427 1
1101439 1
1101576 1
1101581 1
1101657 1
1101661 2
1101664 1
1101672 1
1102135 1
1102159 1
1102196 1
1102211 1
1102262 1
1102308 1
1102353 1
1102553 1
1102708 1
1102883 1
1102908 1
1102912 1
1103181 1
1103493 1
1103515 1
1103936 1
1103972 1
1104215 1
1104515 1
1104570 1
1104726 1
1104809 1
1104903 1
1105111 1
1105114 1
1105159 1
1105184 1
1105674 1
1106126 1
1106288 1
1106878 1
1107891 1
1108070 1
1108075 1
1108102 1
1108341 1
1109142 1
1111147 1
1111366 1
1111980 1
1112175 1
1113403 1
1114049 1
1115222 1
1115434 1
1115501 1
1115626 1
1116047 1
1116188 1
1116228 1
1116434 1
1116534 1
1116731 1
1116925 1
1117092 1
1117212 1
1117510 1
1117518 1
1117651 1
1117675 1
1118057 2
1118060 1
1118143 1
1118156 1
1118232 1
1118392 1
1118867 1
1119069 1
1119122 1
1120246 1
1120607 1
1120795 1
1120878 1
1120936 1
1121095 1
1121244 1
1121690 1
1121843 1
1122170 1
1122517 1
1123304 1
1124769 1
1124783 1
1125019 1
1125674 1
1125918 1
1126057 1
1126158 1
1126226 1
1127382 1
1127778 1
1127785 1
1127816 1
1128013 1
1128036 1
1129176 1
1129180 1
1129309 1
1129828 1
1129873 1
1129892 1
1129899 2
1130004 1
1130122 1
1130544 1
1130677 1
1131164 1
1131656 1
1131660 1
1131700 1
1132047 1
1132351 1
1132601 1
1132848 1
1132998 1
1133142 1
1133214 1
1134143 1
1134363 1
1134453 2
1134456 1
1134555 1
1134864 1
1135152 1
1135602 1
1135810 1
1139578 1
1139886 1
1139993 1
1140095 1
1140814 1
1140829 1
1140915 1
1141036 1
1142099 1
1142419 1
1143511 1
1143621 1
1143970 1
1145013 1
1145411 1
1145645 1
1145859 1
1146347 1
1146862 1
1147294 1
1148038 1
1148095 1
1148888 1
1149493 1
1149903 1
1150102 1
1150214 1
1150849 2
1150852 1
1151063 1
1151997 1
1153689 1
1154341 1
1154413 1
1154993 1
1155605 1
1155677 1
1157176 1
1157601 1
1157847 1
1157982 1
1159407 1
1159716 1
1161359 1
1161755 1
1163740 1
1163817 1
1166391 1
1166605 1
1166882 1
1167024 1
1167245 2
1167248 1
1168763 1
1168895 1
1168998 1
1169980 1
1170331 1
1171277 1
1171298 1
1173026 1
1174231 1
1174862 1
1175049 1
1175254 1
1176857 1
1176944 1
1176985 1
1177233 1
1177578 1
1177671 1
1177761 1
1177860 1
1178605 1
1179172 1
1179475 1
1180751 1
1181180 1
1181329 1
1181832 1
1182700 1
1183345 1
1183641 2
1183644 1
1184095 1
1184184 1
1184958 1
1185472 1
1185610 1
1185747 1
1186009 1
1186069 1
1186862 1
1187350 1
1188587 1
1188964 1
1189443 1
1189657 1
1189674 1
1190281 1
1190741 1
1191200 1
1192119 1
1192505 1
1193646 1
1194550 1
1194730 1
1195497 1
1195572 1
1195906 1
1195984 1
1196516 1
1196561 1
1197659 1
1197791 1
1198045 1
1198923 1
1199040 1
1199487 1
1199769 1
1199996 1
1200037 2
1200366 1
1200666 1
1201902 1
1202676 1
1203023 1
1203443 1
1203703 1
1203798 1
1204214 1
1204399 1
1205576 1
1209691 1
1210009 1
1210349 1
1210859 1
1211913 1
1212138 1
1212573 1
1213228 1
1213328 1
1214530 4
1214542 434
1214984 3
1214992 2
1214996 3
1215002 3
1215009 2
1215028 2
1215053 1
1215124 1
1215147 1
1215187 1
1215204 1
1215240 1
1215247 1
1215288 1
1215522 1
1215565 1
1215586 2
1215597 1
1215604 1
1215636 1
1215721 1
1215760 1
1215811 1
1217655 1
1217668 1
1217671 1
1217692 1
1217695 1
1217714 1
1217740 1
1217754 1
1217801 3
1217811 1
1217813 3
1217817 1
1217821 1
1217823 3
1217827 3
1217831 5
1217839 1
1217841 3
1217845 3
1217851 1
1217853 3
1217857 2
1217863 1
1217865 3
1217869 3
1217873 4
1217882 3
1217899 2
1217924 5
1218382 2
1218385 1
1218446 1
1218484 1
1218487 1
1218490 1
1218493 1
1218496 1
1218499 1
1218502 1
1218513 1
1218516 1
1218519 1
1218522 1
1218525 1
1218528 1
1218531 1
1218534 1
1218540 1
1218543 1
1218546 1
1218549 1
1218552 1
1218555 1
1218569 1
1218572 1
1218575 1
1218578 1
1218581 1
1218584 1
1218589 1
1218591 1
1218594 1
1218597 1
1218600 1
1218603 1
1218606 1
1218609 1
1218613 1
1218623 1
1218626 1
1218629 1
1218632 1
1218635 1
1218638 1
1218645 1
1218694 1
1218779 1
1218782 1
1219079 1
1219082 1
1219086 1
1219195 1
1219205 1
1219322 1
1219325 1
1219329 1
1219343 1
1219543 1
1219673 1
1219853 1
1219947 1
1220086 1
1220089 1
1220193 1
1220256 1
1220663 1
1220671 1
1220751 1
1220909 1
1221209 1
1221230 1
1221601 1
1221790 1
1222304 1
1222386 1
1222399 1
1222891 1
1223135 1
1223171 1
1223256 1
1224206 1
1224837 1
1225158 1
1225457 1
1225542 1
1225682 1
1226262 1
1227037 1
1227060 1
1227214 1
1227639 1
1227727 1
1228287 1
1228459 1
1228754 1
1228766 1
1228788 1
1228802 1
1228849 1
1228981 1
1229492 1
1229620 1
1230321 1
1230355 1
1230829 1
1230832 1
1230853 1
1230911 1
1231070 1
1231113 1
1231129 1
1231179 1
1231367 1
1231393 1
1231430 1
1231587 1
1231612 1
1231635 1
1231674 1
1231725 1
1231740 1
1231752 1
1231755 1
1231770 1
1231773 1
1231776 1
1231779 1
1231782 1
1231785 1
1231806 1
1231809 1
1231812 1
1231815 1
1231818 1
1231861 1
1231864 1
1231867 1
1231870 1
1231873 1
1231959 1
1231962 1
1231965 1
1231968 1
1231971 1
1232059 1
1232062 1
1232065 1
1232068 1
1232127 1
1232130 1
1232133 1
1232136 1
1232139 1
1232183 1
1232186 1
1232189 1
1232192 1
1232195 1
1232249 1
1232252 1
1232255 1
1232258 1
1232261 1
1232272 1
1232316 1
1232319 1
1232322 1
1232325 1
1232328 1
1232378 1
1232381 1
1232384 1
1232387 1
1232390 1
1232453 1
1232456 1
1232459 1
1232462 1
1232465 1
1232528 1
1232531 1
1232534 1
1232537 1
1232578 1
1232581 1
1232584 1
1232587 1
1232590 1
1232622 1
1232639 1
1232642 1
1232645 1
1232648 1
1232651 1
1232676 1
1232701 1
1232704 1
1232707 1
1232710 1
1232713 1
1232744 1
1232747 1
1232750 1
1232753 1
1232756 1
1232759 1
1232774 1
1232777 1
1232780 1
1232783 1
1232786 1
1232789 1
1232800 1
1232803 1
1232806 1
1232809 1
1232812 1
1232815 1
1232830 1
1232833 1
1232836 1
1232839 1
1232842 1
1232845 1
1232862 1
1232865 1
1232868 1
1232871 1
1232874 1
1232877 1
1232897 1
1232900 1
1232903 1
1232906 1
1232909 1
1232940 1
1232943 1
1232946 1
1232949 1
1232952 1
1232955 1
1232958 1
1232971 1
1232974 1
1232977 1
1232980 1
1232983 1
1232986 1
1233004 1
1233007 1
1233010 1
1233013 1
1233016 1
1233019 1
1233022 1
1233039 1
1233042 1
1233045 1
1233048 1
1233051 1
1233054 1
1233468 1
1233541 1
1233596 1
1233627 1
1233746 1
1233933 1
1234016 1
1234052 1
1234347 1
1234778 2
1234781 1
1235423 1
1236079 1
1236635 1
1237180 1
1237613 1
1238201 1
1238298 1
1238412 1
1238767 1
1239274 1
1239521 1
1239806 1
1239878 1
1240123 1
1240252 1
1240494 1
1240601 1
1240639 1
1240786 1
1240903 1
1241192 1
1241379 1
1241531 1
1241534 1
1241537 1
1241540 1
1241543 1
1241546 1
1241549 1
1241564 1
1241567 1
1241570 1
1241573 1
1241576 1
1241579 1
1241598 1
1241601 1
1241604 1
1241607 1
1241610 1
1241613 1
1241629 1
1241632 1
1241635 1
1241638 1
1241641 1
1241644 1
1241648 1
1241656 1
1241659 1
1241662 1
1241665 1
1241668 1
1241671 1
1241687 1
1241690 1
1241693 1
1241696 1
1241699 1
1241702 1
1241715 1
1241718 1
1241721 1
1241724 1
1241727 1
1241730 1
1241743 1
1241746 1
1241749 1
1241752 1
1241755 1
1241758 1
1241773 1
1241776 1
1241779 1
1241782 1
1241785 1
1241788 1
1241791 1
1241817 1
1241820 1
1241823 1
1241826 1
1241829 1
1241832 1
1241845 1
1241848 1
1241851 1
1241854 1
1241857 1
1241860 1
1241865 1
1241874 1
1241877 1
1241880 1
1241883 1
1241886 1
1241889 1
1241906 1
1241909 1
1241912 1
1241915 1
1241918 1
1241921 1
1241935 1
1241938 1
1241941 1
1241944 1
1241947 1
1241950 1
1241963 1
1241966 1
1241969 1
1241972 1
1241975 1
1241978 1
1241992 1
1241995 1
1241998 1
1242001 1
1242004 1
1242007 1
1242020 1
1242023 1
1242026 1
1242029 1
1242032 1
1242035 1
1242059 1
1242062 1
1242065 1
1242068 1
1242071 1
1242074 1
1242113 1
1242116 1
1242119 1
1242122 1
1242125 1
1242128 1
1242131 1
1242173 1
1242176 1
1242179 1
1242182 1
1242185 1
1242188 1
1242212 1
1242215 1
1242218 1
1242221 1
1242224 1
1242227 1
1242251 1
1242254 1
1242257 1
1242260 1
1242263 1
1242266 1
1242287 1
1242290 1
1242293 1
1242296 1
1242299 1
1242302 1
1242305 1
1242324 1
1242327 1
1242330 1
1242333 1
1242336 1
1242339 1
1242342 1
1242363 1
1242366 1
1242369 1
1242372 1
1242375 1
1242378 1
1242381 1
1242427 1
1242430 1
1242433 1
1242436 1
1242439 1
1242442 1
1242477 1
1242480 1
1242483 1
1242486 1
1242489 1
1242492 1
1242516 1
1242519 1
1242522 1
1242525 1
1242528 1
1242531 1
1242538 1
1242554 1
1242557 1
1242560 1
1242563 1
1242566 1
1242569 1
1242606 1
1242609 1
1242612 1
1242615 1
1242618 1
1242621 1
1242645 1
1242648 1
1242651 1
1242654 1
1242657 1
1242660 1
1242663 1
1242676 1
1242711 1
1242719 1
1242733 1
1242810 1
1242825 1
1243116 1
1243119 1
1243134 1
1243189 1
1243378 1
1243390 1
1243516 1
1243597 1
1243613 1
1243865 1
1243868 1
1243872 1
1243882 1
1244044 1
1244078 1
1244081 1
1244095 1
1244099 1
1244689 1
1244711 1
1244875 1
1245081 1
1245156 1
1245190 1
1245336 1
1245338 1
1245391 1
1245432 1
1246273 1
1246331 1
1246416 1
1246418 1
1246911 1
1247278 1
1247650 1
1248014 1
1248181 1
1248489 1
1248899 1
1250223 1
1250288 1
1250665 1
1251174 2
1251214 1
1251283 1
1251347 1
1251492 1
1251838 1
1251847 4
1251859 2029
1253900 1
1253908 2
1253916 4
1253932 1
1253940 2
1253946 6
1253954 1
1253956 3
1253964 1
1253978 2
1253986 1
1253988 1
1253990 1
1253992 1
1253994 1
1253996 1
1253999 1
1254001 1
1254003 1
1254005 1
1254007 1
1254009 3
1254013 1
1254015 1
1254028 1
1254036 2
1254046 2
1254050 1
1254052 1
1254054 1
1254056 3
1254060 1
1254074 2
1254082 1
1254084 1
1254086 1
1254088 1
1254090 1
1254092 1
1254095 1
1254097 1
1254099 1
1254101 1
1254103 1
1254105 3
1254109 1
1254111 1
1254124 1
1254132 2
1254140 1
1254142 2
1254164 2
1254174 2
1254178 1
1254180 1
1254182 1
1254184 1
1254186 1
1254188 1
1254191 1
1254193 1
1254195 3
1254202 2
1254220 1
1254228 2
1254236 1
1254238 2
1254242 1
1254244 1
1254246 1
1254248 1
1254250 1
1254252 1
1254255 1
1254257 1
1254259 1
1254261 1
1254263 5
1254274 1
1254276 1
1254278 1
1254280 1
1254282 1
1254284 1
1254287 1
1254289 1
1254291 1
1254293 1
1254295 1
1254297 3
1254301 1
1254303 1
1254316 1
1254324 2
1254334 2
1254338 1
1254340 1
1254342 1
1254344 1
1254346 1
1254348 1
1254351 1
1254353 1
1254355 1
1254357 1
1254359 1
1254361 3
1254365 3
1254370 1
1254372 1
1254374 1
1254376 1
1254378 1
1254380 1
1254383 1
1254385 1
1254387 1
1254389 1
1254391 1
1254393 3
1254397 1
1254399 1
1254412 1
1254420 2
1254428 1
1254430 2
1254452 2
1254461 3
1254466 1
1254468 1
1254470 1
1254472 1
1254474 1
1254476 1
1254479 1
1254481 1
1254483 1
1254485 1
1254487 1
1254489 3
1254493 3
1254508 1
1254516 2
1254524 1
1254526 2
1254530 1
1254532 1
1254534 1
1254536 1
1254538 1
1254540 1
1254543 1
1254545 1
1254547 1
1254549 3
1254554 2
1254572 1
1254580 2
1254590 2
1254594 1
1254596 1
1254598 1
1254600 1
1254602 1
1254604 1
1254607 1
1254609 1
1254611 1
1254613 1
1254615 1
1254617 5
1254636 1
1254644 2
1254652 1
1254654 2
1254658 1
1254660 1
1254662 1
1254664 1
1254666 1
1254668 1
1254671 1
1254673 1
1254675 1
1254677 1
1254679 1
1254681 3
1254685 3
1254700 1
1254708 2
1254718 2
1254722 3
1254732 1
1254746 2
1254754 1
1254756 1
1254758 1
1254760 1
1254762 1
1254764 1
1254767 1
1254769 1
1254771 1
1254773 1
1254775 1
1254777 3
1254781 1
1254783 1
1254796 1
1254804 2
1254812 1
1254814 2
1254836 2
1254846 2
1254850 1
1254852 1
1254854 1
1254856 1
1254858 1
1254860 1
1254863 1
1254865 1
1254867 1
1254869 1
1254871 1
1254873 5
1254892 1
1254900 2
1254908 1
1254910 2
1254932 2
1254942 2
1254946 1
1254948 1
1254950 1
1254952 1
1254954 1
1254956 1
1254959 1
1254961 1
1254963 3
1254970 2
1254988 1
1254996 2
1255006 2
1255010 3
1255020 1
1255034 2
1255042 1
1255044 1
1255046 1
1255048 1
1255050 1
1255052 1
1255055 1
1255057 1
1255059 1
1255061 1
1255063 1
1255065 3
1255069 1
1255071 1
1255084 1
1255092 2
1255102 2
1255106 1
1255108 1
1255110 3
1255116 1
1255130 2
1255138 1
1255140 1
1255142 1
1255144 1
1255146 1
1255148 1
1255151 1
1255153 1
1255155 1
1255157 1
1255159 1
1255161 3
1255165 1
1255167 1
1255180 1
1255188 2
1255196 1
1255198 2
1255220 2
1255230 2
1255234 1
1255236 1
1255238 1
1255240 1
1255242 1
1255244 1
1255247 1
1255249 1
1255251 1
1255253 1
1255255 5
1255276 1
1255284 2
1255292 1
1255294 2
1255316 2
1255326 2
1255348 2
1255358 2
1255362 1
1255364 1
1255366 1
1255368 1
1255370 1
1255372 1
1255375 1
1255377 1
1255379 3
1255386 2
1255404 1
1255412 2
1255420 1
1255422 2
1255426 1
1255428 1
1255430 1
1255432 3
1255436 1
1255450 2
1255458 1
1255460 1
1255462 1
1255464 1
1255466 1
1255468 1
1255471 1
1255473 1
1255475 1
1255477 1
1255479 1
1255481 3
1255485 1
1255487 1
1255500 1
1255508 2
1255518 2
1255522 1
1255524 1
1255526 1
1255528 1
1255530 1
1255532 1
1255535 3
1255546 2
1255554 1
1255556 1
1255558 1
1255560 1
1255562 1
1255564 1
1255567 1
1255569 1
1255571 1
1255573 1
1255575 1
1255577 3
1255581 1
1255583 1
1255596 1
1255604 2
1255612 1
1255614 2
1255618 1
1255620 1
1255622 1
1255624 1
1255626 1
1255628 1
1255631 1
1255633 1
1255635 1
1255637 1
1255639 1
1255641 3
1255645 1
1255647 1
1255660 1
1255668 2
1255678 2
1255682 1
1255684 3
1255692 1
1255706 2
1255714 1
1255716 1
1255718 1
1255720 1
1255722 1
1255724 1
1255727 1
1255729 1
1255731 1
1255733 1
1255735 1
1255737 3
1255741 1
1255743 1
1255756 1
1255764 2
1255772 1
1255774 2
1255778 1
1255780 3
1255788 1
1255802 2
1255810 1
1255812 1
1255814 1
1255816 1
1255818 1
1255820 1
1255823 1
1255825 1
1255827 1
1255829 1
1255831 1
1255833 3
1255837 1
1255839 1
1255852 1
1255860 2
1255870 66
1255939 6
1255956 1
1255969 4
1255976 1
1255982 2002
1257987 6
1258042 3
1258048 1
1258054 1978
1265392 785
1266180 1
1266182 2
1266200 1
1266202 3
1266206 3
1266210 2
1266214 3
1266218 2
1266222 2
1266226 34
1266268 2
1266272 3
1266276 3
1266280 15
1266296 3
1266300 3
1266304 2
1266332 7
1266340 3
1266344 2
1266361 3
1266368 4
1266376 4
1266381 1
1266398 3590
1269989 3
1269993 8
1270048 196
1270245 3
1270249 8
1270258 9
1270268 1
1270973 1348
1272324 1
1272326 2
1272344 1
1272346 3
1272350 3
1272354 2
1272358 3
1272362 2
1272366 2
1272370 34
1272412 2
1272416 3
1272420 3
1272424 15
1272440 3
1272444 3
1272448 2
1272476 7
1272484 3
1272488 2
1272505 3
1272512 4
1272520 4
1272525 1
1272542 3590
1276133 3
1276137 8
1276192 196
1276389 3
1276393 8
1276402 9
1276412 1
1277131 1334
1278468 1
1278470 2
1278488 1
1278490 3
1278494 3
1278498 2
1278502 3
1278506 2
1278510 2
1278514 34
1278556 2
1278560 3
1278564 3
1278568 15
1278584 3
1278588 3
1278592 2
1278620 4
1278628 4
1278636 3640
1282277 3
1282281 8
1282336 196
1282533 3
1282537 8
1282546 9
1282556 1
1282685 1924
1284612 1
1284614 2
1284632 1
1284634 3
1284638 3
1284642 2
1284646 3
1284650 2
1284654 2
1284658 34
1284700 2
1284704 3
1284708 3
1284712 15
1284728 3
1284732 3
1284736 2
1284764 7
1284772 3
1284776 2
1284793 3
1284800 4
1284808 4
1284813 1
1284830 3590
1288421 3
1288425 8
1288480 196
1288677 3
1288681 8
1288690 9
1288700 1
1290372 381
1290756 1
1290758 2
1290776 1
1290778 3
1290782 3
1290786 2
1290790 3
1290794 2
1290798 2
1290802 34
1290844 2
1290848 3
1290852 3
1290856 15
1290872 3
1290876 3
1290880 2
1290908 4
1290916 4
1290924 3640
1294565 3
1294569 8
1294624 196
1294821 3
1294825 8
1294834 9
1294844 1
1294848 1
1294852 1
1294854 2
1294872 1
1294874 3
1294878 3
1294882 2
1294886 3
1294890 2
1294894 2
1294898 34
1294940 2
1294944 2
1294948 2
1294952 15
1294968 2
1294972 3
1294976 2
1294999 3
1295004 3
1295008 2
1295036 1
1295040 2
1295044 3
1295048 2
1295105 1
1295107 1
1295167 4
1295175 4
1295428 3232
1298661 3
1298665 8
1298720 196
1298917 3
1298921 8
1298930 9
1298940 1
1300265 727
1301831 1210
1303044 1
1303046 2
1303064 1
1303066 3
1303070 3
1303074 2
1303078 3
1303082 2
1303086 2
1303090 34
1303132 2
1303136 3
1303140 3
1303144 15
1303160 3
1303164 3
1303168 2
1303196 4
1303204 4
1303212 3640
1306853 3
1306857 8
1306912 196
1307109 3
1307113 8
1307122 9
1307132 1
1307810 1374
1310173 1059
1313669 1660
1315332 1
1315334 2
1315352 1
1315354 3
1315358 3
1315362 2
1315366 3
1315370 2
1315374 2
1315378 34
1315420 2
1315424 3
1315428 3
1315432 15
1315448 3
1315452 3
1315456 2
1315473 3
1315477 1
1315494 3646
1319141 3
1319145 8
1319200 196
1319397 3
1319401 8
1319410 9
1319420 1
1321048 425
1321476 1
1321478 2
1321496 1
1321498 3
1321502 3
1321506 2
1321510 3
1321514 2
1321518 2
1321522 34
1321564 2
1321568 3
1321572 3
1321576 15
1321592 3
1321596 3
1321600 2
1321628 4
1321636 4
1321644 3640
1325285 3
1325289 8
1325344 196
1325541 3
1325545 8
1325554 9
1325564 1
1325878 1738
1331266 447
1331716 1
1331718 2
1331736 1
1331738 3
1331742 3
1331746 2
1331750 3
1331754 2
1331758 2
1331762 34
1331804 2
1331808 3
1331812 2
1331816 15
1331832 3
1331836 3
1331840 2
1331868 7
1331876 3
1331880 2
1331937 3
1331944 4
1331952 4
1332205 3319
1335525 3
1335529 8
1335584 196
1335781 3
1335785 8
1335794 9
1335804 1
1336717 1140
1337860 1
1337862 2
1337880 1
1337882 3
1337886 3
1337890 2
1337894 3
1337898 2
1337902 2
1337906 34
1337948 2
1337952 3
1337956 3
1337960 15
1337976 3
1337980 3
1337984 2
1338012 4
1338020 4
1338028 3640
1341669 3
1341673 8
1341728 196
1341925 3
1341929 8
1341938 9
1341948 1
1341952 1
1341956 1
1341958 2
1341976 1
1341978 3
1341982 3
1341986 2
1341990 3
1341994 2
1341998 2
1342002 34
1342044 2
1342048 2
1342052 2
1342056 15
1342072 2
1342076 3
1342080 2
1342103 3
1342108 3
1342112 2
1342140 1
1342144 2
1342148 3
1342152 2
1342209 1
1342211 1
1342271 4
1342279 4
1342311 1
1342514 1
1342532 3232
1345765 3
1345769 8
1345824 196
1346021 3
1346025 8
1346034 9
1346044 1
1349362 782
1350702 48649682
